1 8 4
1 5 88
1 3 21
0 1 71
0 8 44
0 3 27
1 4 56
1 4 13
1 3 18
0 1 77
1 4 29
0 5 1
1 5 52
1 0 42
0 5 90
1 6 73
0 3 47
1 7 88
1 3 0
1 0 20
1 7 8
0 0 64
1 1 20
1 1 13
0 3 53
1 5 35
0 5 98
0 3 45
1 1 4
1 5 95
1 2 75
0 8 69
1 0 30
1 6 106
0 1 7
1 2 2
1 1 111
0 2 51
1 8 55
1 5 34
0 1 59
1 7 29
0 3 67
1 8 104
1 8 79
1 3 64
1 7 21
1 7 3
0 6 84
0 5 38
0 6 110
0 1 82
1 8 3
0 3 6
0 4 111
0 2 9
1 2 82
0 0 81
1 4 59
1 6 4
0 5 11
0 7 42
1 4 53
1 6 69
1 0 74
1 7 68
0 6 41
0 4 45
0 3 21
1 4 109
1 8 29
1 5 28
1 0 52
0 6 100
1 0 10
1 1 72
1 7 81
0 5 25
1 5 3
1 6 39
0 7 7
0 7 112
0 3 10
0 8 46
0 8 89
0 2 35
1 3 71
1 8 52
0 1 29
1 1 6
1 7 99
0 8 3
0 1 6
1 5 37
0 7 70
0 4 50
0 4 74
0 7 92
0 0 103
1 2 105
