=== DATA FILE SAVED WITH SN CRATE SOFTWARE VERSION: V1.3  == DATE OF RUN: UnixTime = 1487688292.260 date = 2017.2.21 time = 15h.44m.52s.260ms  ===
=== OTHER INFORMATIONS ===
=== DATA TYPE : RAW ===
=== DATA STRUCTURE INFO ===
=== HIT number(int)  = CALO = TRIGGER_ID  (int)===
=== SlotIndex (int) Ch (int) EvtID (int) RawTDC (unsigned long long) TDC (double in ns) LT_TrigCount(int) LT_TimeCount(int) RawBaseline (signed short *16) Baseline (float in Volts) RawPeak (signed shor *8) Peak (float in Volts) PeakCell (unsigned short) RawCharge (int) Charge (float in pC) ChargeOverflow(int) RisingEdgeCell (int) RisingTimeOffset(int * 256) RisingEdgeTime (float in ns) FallingEdgeCell(int) FallingEdgeOffset (int *256) FallingEdgeTime ( float in ns) FCR (uint) ===
=== DataSamples[array of int16] ===
=== HIT number(int)  = TRACKER = TRIGGER_ID  (int)===
=== SlotIndex (int) FeastIndex (int) Channel (int) ChannelType ('AN or 'CA') RegisterType ('R0 (StartT0)', 'R1(1st HNT)', 'R2 (2nd HNT)', 'R3'(1st HPT) or 'R4' (2nd HPT)) RawTimeStamp (unsigned long long) ===
= HIT 0 = CALO = TRIG_ID 1 =
Slot 14 Ch 0 EvtID 1 RawTDC 261621596 TDC 1635134575.000000 TrigCount 1 Timecount 69584 RawBaseline 8514 Baseline 0.324596 RawPeak -7673 Peak -0.585066 RawCharge -28347 Charge -0.135091 Overflow 0 RisingCell 925 RisingOffset 212 RisingTime 361.651611 FallingCell 898 FallingOffset 202 FallingTime 351.089478 FCR 704
2581 2583 2583 2581 2578 2579 2578 2580 2579 2579 2583 2579 2579 2580 2581 2579 2578 2579 2579 2576 2579 2579 2582 2581 2582 2582 2580 2578 2576 2578 2578 2579 2577 2582 2580 2577 2580 2579 2578 2580 2579 2579 2578 2578 2578 2580 2580 2579 2578 2582 2580 2577 2580 2579 2580 2581 2577 2578 2579 2575 2576 2579 2581 2580 2578 2582 2580 2577 2578 2579 2579 2577 2581 2580 2582 2580 2578 2581 2578 2578 2577 2580 2582 2580 2579 2579 2581 2578 2578 2579 2581 2579 2579 2582 2583 2579 2577 2580 2579 2576 2575 2578 2578 2579 2579 2578 2582 2578 2578 2581 2578 2578 2578 2582 2582 2581 2581 2581 2579 2578 2578 2579 2580 2581 2580 2581 2583 2579 2578 2578 2580 2578 2577 2578 2579 2582 2581 2580 2580 2579 2576 2579 2581 2581 2580 2583 2580 2579 2578 2577 2580 2580 2579 2579 2582 2581 2579 2580 2582 2579 2577 2578 2580 2578 2580 2581 2582 2579 2581 2578 2580 2577 2577 2578 2580 2579 2582 2583 2581 2578 2576 2578 2578 2578 2579 2579 2582 2580 2578 2576 2580 2577 2575 2580 2581 2581 2583 2579 2583 2580 2581 2576 2579 2576 2578 2579 2581 2580 2578 2581 2578 2577 2577 2578 2581 2579 2581 2580 2580 2580 2580 2577 2581 2579 2576 2581 2584 2581 2578 2579 2580 2580 2578 2578 2578 2577 2579 2583 2580 2580 2577 2580 2576 2576 2578 2580 2581 2579 2582 2580 2582 2577 2577 2576 2580 2581 2580 2582 2582 2580 2578 2579 2578 2578 2579 2578 2580 2580 2580 2582 2580 2580 2576 2580 2577 2577 2577 2579 2582 2580 2581 2579 2577 2578 2577 2579 2580 2580 2579 2582 2581 2578 2577 2577 2578 2578 2579 2576 2581 2581 2580 2581 2580 2579 2576 2579 2581 2579 2580 2583 2583 2579 2580 2579 2578 2577 2577 2581 2579 2581 2579 2581 2580 2577 2579 2577 2582 2582 2581 2581 2580 2578 2577 2579 2579 2578 2578 2581 2580 2579 2576 2582 2581 2581 2579 2577 2578 2577 2578 2581 2580 2577 2579 2580 2578 2577 2576 2580 2580 2581 2580 2579 2579 2578 2577 2579 2577 2578 2577 2581 2582 2580 2581 2583 2579 2579 2579 2576 2579 2580 2578 2583 2581 2578 2576 2577 2579 2576 2575 2579 2581 2582 2580 2581 2579 2577 2577 2579 2580 2580 2577 2582 2582 2580 2578 2578 2576 2579 2579 2581 2581 2578 2579 2582 2580 2579 2575 2582 2582 2579 2581 2580 2581 2579 2579 2580 2578 2576 2577 2579 2579 2580 2579 2581 2581 2579 2577 2576 2578 2579 2581 2580 2582 2582 2577 2579 2578 2576 2578 2583 2581 2581 2577 2580 2583 2580 2579 2576 2579 2577 2579 2580 2581 2583 2578 2579 2580 2578 2577 2580 2579 2579 2578 2580 2580 2580 2577 2578 2580 2577 2577 2583 2583 2581 2579 2579 2580 2577 2575 2578 2579 2578 2577 2578 2580 2581 2577 2580 2577 2579 2577 2580 2581 2583 2582 2581 2580 2578 2577 2579 2583 2580 2579 2581 2580 2579 2578 2578 2577 2575 2577 2578 2580 2581 2579 2582 2581 2579 2579 2580 2579 2578 2580 2582 2580 2581 2579 2581 2581 2577 2577 2579 2581 2581 2581 2583 2583 2581 2578 2578 2577 2579 2581 2578 2580 2576 2578 2581 2583 2579 2575 2580 2579 2578 2579 2582 2581 2580 2580 2578 2579 2578 2579 2580 2582 2580 2578 2578 2583 2580 2578 2577 2580 2581 2580 2581 2581 2579 2579 2578 2579 2579 2575 2579 2579 2579 2579 2580 2579 2580 2578 2578 2580 2579 2579 2582 2580 2581 2578 2580 2580 2579 2579 2580 2579 2580 2579 2580 2580 2575 2575 2577 2580 2580 2579 2581 2582 2581 2579 2577 2579 2581 2581 2580 2578 2578 2577 2581 2583 2582 2577 2581 2580 2578 2580 2581 2583 2583 2581 2581 2581 2579 2578 2581 2580 2581 2576 2582 2581 2578 2577 2578 2580 2580 2578 2579 2577 2578 2579 2580 2578 2578 2578 2582 2582 2578 2579 2581 2581 2578 2580 2581 2579 2575 2577 2585 2581 2579 2577 2583 2581 2580 2581 2579 2581 2579 2578 2581 2580 2580 2579 2578 2581 2581 2579 2585 2581 2579 2578 2580 2579 2582 2579 2580 2580 2579 2579 2582 2581 2579 2576 2577 2581 2579 2580 2578 2579 2579 2578 2578 2576 2578 2579 2579 2581 2580 2578 2582 2581 2578 2578 2577 2577 2577 2578 2581 2580 2579 2579 2577 2582 2578 2576 2582 2580 2577 2578 2581 2581 2581 2580 2582 2581 2578 2579 2581 2578 2580 2579 2582 2580 2579 2579 2581 2579 2580 2581 2580 2579 2579 2579 2581 2580 2579 2577 2581 2581 2580 2580 2579 2580 2578 2579 2579 2581 2577 2580 2580 2582 2581 2579 2581 2581 2578 2578 2582 2579 2580 2580 2579 2579 2578 2577 2581 2579 2580 2578 2583 2580 2578 2579 2577 2580 2581 2581 2582 2582 2580 2579 2578 2579 2579 2580 2579 2579 2581 2580 2580 2580 2580 2581 2581 2583 2581 2579 2579 2583 2580 2578 2582 2581 2578 2576 2578 2580 2579 2579 2580 2580 2578 2576 2579 2581 2580 2580 2582 2582 2577 2580 2578 2577 2578 2577 2579 2579 2578 2580 2581 2582 2582 2580 2581 2580 2579 2581 2582 2581 2582 2581 2580 2581 2578 2574 2567 2552 2513 2442 2346 2217 2069 1921 1791 1693 1638 1621 1630 1659 1687 1715 1734 1740 1745 1751 1765 1786 1810 1836 1866 1891 1915 1938 1962 1987 2013 2043 2079 2105 2128 2151 2170 2182 2194 2210 2232 2256 2282 2309 2332 2356 2379 2401 2424 2446 2469 2490 2513 2526 2539 2547 2553 2552 2552 2552 2552 2554 2552 2554 2558 2557 2548 2536 2528 2522 2518 2525 2536 2549 2560 2568 2574 2572 2570 2567 2567 2569 2570 2574 2578 2578 2578 2578 2582 2578 2574 2575 2575 2576 2574 2578 2580 2580 2584 2584 2587 2586 2583 2582 2582 2581 2581 2583 2580 2582 2582 2580 2581 2582 2580 2577 2579 2577 2573 2574 2573 2574 2574 2575 2580 2581 2582 2580 2579 2575 2574
= HIT 1 = CALO = TRIG_ID 1 =
Slot 14 Ch 1 EvtID 1 RawTDC 261621596 TDC 1635134575.000000 TrigCount 0 Timecount 69584 RawBaseline 14 Baseline 0.000534 RawPeak -39 Peak -0.002974 RawCharge -304 Charge -0.001449 Overflow 0 RisingCell 539 RisingOffset 104 RisingTime 210.705566 FallingCell 538 FallingOffset 36 FallingTime 210.211182 FCR 704
2051 2048 2050 2049 2048 2048 2049 2048 2049 2050 2049 2047 2049 2049 2049 2049 2048 2048 2048 2049 2051 2047 2052 2051 2049 2052 2048 2049 2051 2049 2050 2049 2051 2048 2047 2049 2047 2046 2049 2050 2048 2048 2049 2047 2050 2047 2048 2048 2049 2049 2048 2048 2050 2049 2051 2050 2047 2050 2047 2049 2050 2048 2048 2050 2051 2049 2050 2048 2049 2049 2049 2051 2050 2048 2047 2048 2050 2048 2048 2048 2050 2048 2046 2049 2049 2047 2048 2049 2049 2050 2046 2048 2050 2048 2049 2049 2050 2047 2049 2048 2047 2049 2048 2049 2051 2050 2048 2051 2050 2047 2047 2050 2049 2049 2047 2048 2050 2045 2049 2049 2048 2050 2046 2048 2050 2048 2048 2050 2048 2047 2047 2048 2049 2048 2050 2051 2048 2049 2046 2049 2049 2047 2048 2050 2049 2048 2049 2049 2046 2048 2049 2049 2049 2052 2046 2047 2051 2047 2046 2048 2049 2048 2049 2050 2050 2048 2051 2049 2050 2049 2049 2046 2049 2048 2047 2048 2050 2048 2047 2047 2050 2047 2048 2050 2047 2048 2048 2046 2048 2048 2048 2048 2049 2048 2048 2050 2050 2048 2050 2050 2049 2049 2048 2046 2049 2049 2050 2051 2049 2048 2051 2050 2048 2047 2048 2050 2052 2050 2046 2049 2049 2047 2046 2046 2049 2049 2048 2048 2048 2046 2051 2048 2049 2050 2046 2048 2050 2047 2049 2050 2051 2047 2047 2048 2050 2048 2051 2051 2051 2050 2048 2048 2049 2047 2047 2048 2050 2051 2050 2050 2049 2048 2048 2051 2049 2050 2047 2047 2049 2047 2048 2046 2049 2048 2047 2049 2048 2047 2047 2050 2050 2050 2049 2049 2051 2048 2048 2049 2048 2047 2048 2048 2047 2047 2050 2050 2050 2047 2045 2047 2052 2048 2048 2048 2048 2049 2048 2050 2049 2048 2050 2051 2049 2048 2048 2048 2046 2047 2047 2047 2052 2049 2048 2050 2048 2048 2051 2049 2052 2052 2049 2046 2048 2046 2047 2046 2048 2047 2051 2047 2050 2047 2050 2050 2050 2049 2045 2047 2051 2049 2047 2049 2052 2049 2050 2047 2049 2048 2049 2050 2049 2049 2047 2048 2048 2049 2045 2047 2049 2047 2048 2048 2049 2050 2051 2049 2051 2050 2048 2046 2049 2048 2047 2046 2048 2048 2048 2047 2048 2048 2050 2051 2050 2049 2047 2046 2047 2047 2048 2048 2048 2046 2049 2050 2048 2047 2049 2049 2050 2049 2047 2048 2048 2047 2047 2048 2050 2048 2050 2050 2049 2049 2049 2050 2050 2049 2047 2046 2050 2049 2048 2049 2050 2048 2050 2048 2048 2049 2048 2050 2051 2049 2047 2047 2047 2047 2048 2050 2051 2049 2048 2049 2048 2048 2050 2051 2048 2050 2049 2049 2050 2049 2047 2048 2049 2047 2049 2049 2047 2048 2050 2048 2050 2051 2049 2047 2050 2050 2049 2047 2048 2046 2050 2048 2048 2047 2050 2052 2051 2048 2048 2048 2047 2048 2048 2047 2050 2047 2049 2047 2049 2049 2050 2051 2050 2049 2048 2048 2053 2051 2050 2049 2049 2049 2047 2048 2048 2048 2050 2050 2050 2050 2046 2046 2049 2049 2049 2048 2047 2048 2048 2046 2048 2047 2050 2049 2049 2048 2047 2044 2049 2051 2051 2048 2051 2047 2049 2049 2049 2048 2048 2050 2050 2048 2047 2046 2049 2048 2049 2048 2048 2048 2050 2048 2049 2049 2048 2050 2049 2049 2047 2045 2048 2048 2048 2048 2049 2047 2051 2048 2047 2046 2049 2051 2048 2048 2048 2048 2049 2050 2049 2049 2048 2048 2050 2049 2049 2044 2050 2050 2051 2049 2049 2047 2050 2048 2049 2048 2048 2047 2049 2049 2047 2049 2050 2050 2050 2047 2047 2047 2050 2049 2048 2050 2048 2048 2048 2049 2048 2051 2051 2050 2049 2049 2050 2050 2049 2048 2048 2048 2048 2048 2047 2048 2048 2047 2051 2050 2048 2048 2048 2049 2051 2048 2048 2050 2048 2047 2049 2046 2051 2050 2050 2049 2049 2049 2046 2047 2050 2049 2048 2049 2050 2048 2049 2049 2049 2048 2050 2048 2051 2048 2050 2046 2047 2048 2049 2047 2049 2047 2046 2048 2047 2045 2049 2048 2051 2051 2048 2048 2052 2048 2046 2046 2049 2048 2049 2050 2050 2048 2050 2050 2050 2048 2048 2048 2048 2048 2049 2047 2049 2048 2049 2049 2047 2048 2051 2048 2049 2048 2046 2047 2049 2048 2048 2050 2050 2046 2048 2046 2048 2048 2050 2048 2048 2049 2048 2048 2050 2048 2048 2048 2048 2046 2049 2046 2047 2048 2049 2050 2050 2049 2049 2048 2049 2048 2048 2048 2050 2046 2046 2048 2049 2051 2050 2049 2048 2047 2048 2048 2050 2049 2048 2047 2048 2048 2048 2048 2050 2049 2052 2047 2051 2047 2051 2047 2050 2047 2048 2049 2049 2047 2051 2048 2050 2049 2050 2049 2051 2050 2048 2048 2053 2048 2048 2050 2049 2048 2050 2050 2048 2049 2050 2050 2050 2048 2048 2047 2048 2046 2048 2049 2051 2048 2047 2051 2049 2050 2049 2052 2052 2050 2048 2045 2050 2048 2047 2049 2048 2046 2047 2050 2051 2047 2050 2049 2049 2049 2048 2048 2051 2048 2050 2049 2047 2046 2048 2047 2049 2047 2049 2049 2046 2048 2049 2048 2052 2048 2048 2049 2049 2046 2048 2048 2050 2046 2051 2049 2048 2048 2048 2049 2050 2046 2048 2051 2049 2046 2047 2049 2048 2045 2048 2050 2049 2048 2047 2048 2049 2046 2048 2047 2050 2048 2050 2048 2047 2047 2049 2049 2050 2050 2047 2047 2050 2049 2049 2048 2047 2047 2048 2048 2048 2049 2052 2049 2050 2050 2047 2048 2049 2048 2048 2049 2049 2048 2048 2047 2047 2048 2050 2049 2050 2050 2049 2048 2048 2049 2048 2049 2048 2047 2050 2051 2049 2047 2051 2050 2048 2050 2046 2046 2049 2048 2045 2050 2050 2049 2052 2047 2048 2048 2051 2051 2049 2049 2047 2049 2048 2048 2048 2050 2050 2045 2048 2049 2048 2045 2049 2049 2049 2049 2049 2046 2051 2047 2049 2049 2050 2047 2051 2047 2050 2047 2047 2047 2047 2049 2047 2047 2048 2046 2048 2048
= HIT 2 = TRACKER = TRIG_ID 1 =
Slot 2 Feast 0 Ch 0 AN R0 130810809 1635135112.500000
= HIT 3 = TRACKER = TRIG_ID 1 =
Slot 2 Feast 0 Ch 0 AN R1 130812921 1635161512.500000
= HIT 4 = TRACKER = TRIG_ID 1 =
Slot 2 Feast 0 Ch 0 AN R2 130814649 1635183112.500000
= HIT 5 = TRACKER = TRIG_ID 1 =
Slot 2 Feast 0 Ch 0 AN R3 130812980 1635162250.000000
= HIT 6 = TRACKER = TRIG_ID 1 =
Slot 2 Feast 0 Ch 0 AN R4 130814721 1635184012.500000
= HIT 7 = TRACKER = TRIG_ID 1 =
Slot 2 Feast 0 Ch 4 AN R0 130810811 1635135137.500000
= HIT 8 = TRACKER = TRIG_ID 1 =
Slot 2 Feast 0 Ch 4 AN R1 130812918 1635161475.000000
= HIT 9 = TRACKER = TRIG_ID 1 =
Slot 2 Feast 0 Ch 4 AN R2 130814648 1635183100.000000
= HIT 10 = TRACKER = TRIG_ID 1 =
Slot 2 Feast 0 Ch 4 AN R3 130812980 1635162250.000000
= HIT 11 = TRACKER = TRIG_ID 1 =
Slot 2 Feast 0 Ch 4 AN R4 130814721 1635184012.500000
= HIT 12 = TRACKER = TRIG_ID 1 =
Slot 2 Feast 0 Ch 6 AN R0 130810810 1635135125.000000
= HIT 13 = TRACKER = TRIG_ID 1 =
Slot 2 Feast 0 Ch 6 AN R1 130812916 1635161450.000000
= HIT 14 = TRACKER = TRIG_ID 1 =
Slot 2 Feast 0 Ch 6 AN R2 130814646 1635183075.000000
= HIT 15 = TRACKER = TRIG_ID 1 =
Slot 2 Feast 0 Ch 6 AN R3 130812980 1635162250.000000
= HIT 16 = TRACKER = TRIG_ID 1 =
Slot 2 Feast 0 Ch 6 AN R4 130814721 1635184012.500000
= HIT 17 = TRACKER = TRIG_ID 1 =
Slot 2 Feast 0 Ch 10 AN R0 130810811 1635135137.500000
= HIT 18 = TRACKER = TRIG_ID 1 =
Slot 2 Feast 0 Ch 10 AN R1 130812923 1635161537.500000
= HIT 19 = TRACKER = TRIG_ID 1 =
Slot 2 Feast 0 Ch 10 AN R2 130814651 1635183137.500000
= HIT 20 = TRACKER = TRIG_ID 1 =
Slot 2 Feast 0 Ch 10 AN R3 130812980 1635162250.000000
= HIT 21 = TRACKER = TRIG_ID 1 =
Slot 2 Feast 0 Ch 10 AN R4 130814720 1635184000.000000
= HIT 22 = TRACKER = TRIG_ID 1 =
Slot 2 Feast 0 Ch 12 AN R0 130810811 1635135137.500000
= HIT 23 = TRACKER = TRIG_ID 1 =
Slot 2 Feast 0 Ch 12 AN R1 130812922 1635161525.000000
= HIT 24 = TRACKER = TRIG_ID 1 =
Slot 2 Feast 0 Ch 12 AN R2 130814650 1635183125.000000
= HIT 25 = TRACKER = TRIG_ID 1 =
Slot 2 Feast 0 Ch 12 AN R3 130812980 1635162250.000000
= HIT 26 = TRACKER = TRIG_ID 1 =
Slot 2 Feast 0 Ch 12 AN R4 130814721 1635184012.500000
= HIT 27 = TRACKER = TRIG_ID 1 =
Slot 2 Feast 0 Ch 16 AN R0 130810810 1635135125.000000
= HIT 28 = TRACKER = TRIG_ID 1 =
Slot 2 Feast 0 Ch 16 AN R1 130812926 1635161575.000000
= HIT 29 = TRACKER = TRIG_ID 1 =
Slot 2 Feast 0 Ch 16 AN R2 130814655 1635183187.500000
= HIT 30 = TRACKER = TRIG_ID 1 =
Slot 2 Feast 0 Ch 16 AN R3 130812980 1635162250.000000
= HIT 31 = TRACKER = TRIG_ID 1 =
Slot 2 Feast 0 Ch 16 AN R4 130814720 1635184000.000000
= HIT 32 = TRACKER = TRIG_ID 1 =
Slot 2 Feast 0 Ch 18 AN R0 130810810 1635135125.000000
= HIT 33 = TRACKER = TRIG_ID 1 =
Slot 2 Feast 0 Ch 18 AN R1 130812923 1635161537.500000
= HIT 34 = TRACKER = TRIG_ID 1 =
Slot 2 Feast 0 Ch 18 AN R2 130814651 1635183137.500000
= HIT 35 = TRACKER = TRIG_ID 1 =
Slot 2 Feast 0 Ch 18 AN R3 130812980 1635162250.000000
= HIT 36 = TRACKER = TRIG_ID 1 =
Slot 2 Feast 0 Ch 18 AN R4 130814721 1635184012.500000
= HIT 37 = TRACKER = TRIG_ID 1 =
Slot 2 Feast 0 Ch 22 AN R0 130810811 1635135137.500000
= HIT 38 = TRACKER = TRIG_ID 1 =
Slot 2 Feast 0 Ch 22 AN R1 130812923 1635161537.500000
= HIT 39 = TRACKER = TRIG_ID 1 =
Slot 2 Feast 0 Ch 22 AN R2 130814651 1635183137.500000
= HIT 40 = TRACKER = TRIG_ID 1 =
Slot 2 Feast 0 Ch 22 AN R3 130812979 1635162237.500000
= HIT 41 = TRACKER = TRIG_ID 1 =
Slot 2 Feast 0 Ch 22 AN R4 130814720 1635184000.000000
= HIT 42 = TRACKER = TRIG_ID 1 =
Slot 2 Feast 0 Ch 24 AN R0 130810809 1635135112.500000
= HIT 43 = TRACKER = TRIG_ID 1 =
Slot 2 Feast 0 Ch 24 AN R1 130812925 1635161562.500000
= HIT 44 = TRACKER = TRIG_ID 1 =
Slot 2 Feast 0 Ch 24 AN R2 130814655 1635183187.500000
= HIT 45 = TRACKER = TRIG_ID 1 =
Slot 2 Feast 0 Ch 24 AN R3 130812980 1635162250.000000
= HIT 46 = TRACKER = TRIG_ID 1 =
Slot 2 Feast 0 Ch 24 AN R4 130814720 1635184000.000000
= HIT 47 = TRACKER = TRIG_ID 1 =
Slot 2 Feast 0 Ch 28 AN R0 130810810 1635135125.000000
= HIT 48 = TRACKER = TRIG_ID 1 =
Slot 2 Feast 0 Ch 28 AN R1 130812920 1635161500.000000
= HIT 49 = TRACKER = TRIG_ID 1 =
Slot 2 Feast 0 Ch 28 AN R2 130814648 1635183100.000000
= HIT 50 = TRACKER = TRIG_ID 1 =
Slot 2 Feast 0 Ch 28 AN R3 130812980 1635162250.000000
= HIT 51 = TRACKER = TRIG_ID 1 =
Slot 2 Feast 0 Ch 28 AN R4 130814721 1635184012.500000
= HIT 52 = TRACKER = TRIG_ID 1 =
Slot 2 Feast 0 Ch 30 AN R0 130810809 1635135112.500000
= HIT 53 = TRACKER = TRIG_ID 1 =
Slot 2 Feast 0 Ch 30 AN R1 130812915 1635161437.500000
= HIT 54 = TRACKER = TRIG_ID 1 =
Slot 2 Feast 0 Ch 30 AN R2 130814645 1635183062.500000
= HIT 55 = TRACKER = TRIG_ID 1 =
Slot 2 Feast 0 Ch 30 AN R3 130812980 1635162250.000000
= HIT 56 = TRACKER = TRIG_ID 1 =
Slot 2 Feast 0 Ch 30 AN R4 130814721 1635184012.500000
= HIT 57 = TRACKER = TRIG_ID 1 =
Slot 2 Feast 0 Ch 34 AN R0 130810809 1635135112.500000
= HIT 58 = TRACKER = TRIG_ID 1 =
Slot 2 Feast 0 Ch 34 AN R1 130812919 1635161487.500000
= HIT 59 = TRACKER = TRIG_ID 1 =
Slot 2 Feast 0 Ch 34 AN R2 130814648 1635183100.000000
= HIT 60 = TRACKER = TRIG_ID 1 =
Slot 2 Feast 0 Ch 34 AN R3 130812981 1635162262.500000
= HIT 61 = TRACKER = TRIG_ID 1 =
Slot 2 Feast 0 Ch 34 AN R4 130814721 1635184012.500000
= HIT 62 = TRACKER = TRIG_ID 1 =
Slot 2 Feast 0 Ch 36 AN R0 130810809 1635135112.500000
= HIT 63 = TRACKER = TRIG_ID 1 =
Slot 2 Feast 0 Ch 36 AN R1 130812917 1635161462.500000
= HIT 64 = TRACKER = TRIG_ID 1 =
Slot 2 Feast 0 Ch 36 AN R2 130814646 1635183075.000000
= HIT 65 = TRACKER = TRIG_ID 1 =
Slot 2 Feast 0 Ch 36 AN R3 130812981 1635162262.500000
= HIT 66 = TRACKER = TRIG_ID 1 =
Slot 2 Feast 0 Ch 36 AN R4 130814721 1635184012.500000
= HIT 67 = TRACKER = TRIG_ID 1 =
Slot 2 Feast 0 Ch 40 AN R0 130810809 1635135112.500000
= HIT 68 = TRACKER = TRIG_ID 1 =
Slot 2 Feast 0 Ch 40 AN R1 130812922 1635161525.000000
= HIT 69 = TRACKER = TRIG_ID 1 =
Slot 2 Feast 0 Ch 40 AN R2 130814649 1635183112.500000
= HIT 70 = TRACKER = TRIG_ID 1 =
Slot 2 Feast 0 Ch 40 AN R3 130812980 1635162250.000000
= HIT 71 = TRACKER = TRIG_ID 1 =
Slot 2 Feast 0 Ch 40 AN R4 130814721 1635184012.500000
= HIT 72 = TRACKER = TRIG_ID 1 =
Slot 2 Feast 0 Ch 42 AN R0 130810810 1635135125.000000
= HIT 73 = TRACKER = TRIG_ID 1 =
Slot 2 Feast 0 Ch 42 AN R1 130812920 1635161500.000000
= HIT 74 = TRACKER = TRIG_ID 1 =
Slot 2 Feast 0 Ch 42 AN R2 130814648 1635183100.000000
= HIT 75 = TRACKER = TRIG_ID 1 =
Slot 2 Feast 0 Ch 42 AN R3 130812981 1635162262.500000
= HIT 76 = TRACKER = TRIG_ID 1 =
Slot 2 Feast 0 Ch 42 AN R4 130814721 1635184012.500000
= HIT 77 = TRACKER = TRIG_ID 1 =
Slot 2 Feast 0 Ch 46 AN R0 130810809 1635135112.500000
= HIT 78 = TRACKER = TRIG_ID 1 =
Slot 2 Feast 0 Ch 46 AN R1 130812922 1635161525.000000
= HIT 79 = TRACKER = TRIG_ID 1 =
Slot 2 Feast 0 Ch 46 AN R2 130814649 1635183112.500000
= HIT 80 = TRACKER = TRIG_ID 1 =
Slot 2 Feast 0 Ch 46 AN R3 130812980 1635162250.000000
= HIT 81 = TRACKER = TRIG_ID 1 =
Slot 2 Feast 0 Ch 46 AN R4 130814721 1635184012.500000
= HIT 82 = TRACKER = TRIG_ID 1 =
Slot 2 Feast 0 Ch 48 AN R0 130810809 1635135112.500000
= HIT 83 = TRACKER = TRIG_ID 1 =
Slot 2 Feast 0 Ch 48 AN R1 130812917 1635161462.500000
= HIT 84 = TRACKER = TRIG_ID 1 =
Slot 2 Feast 0 Ch 48 AN R2 130814646 1635183075.000000
= HIT 85 = TRACKER = TRIG_ID 1 =
Slot 2 Feast 0 Ch 48 AN R3 130812980 1635162250.000000
= HIT 86 = TRACKER = TRIG_ID 1 =
Slot 2 Feast 0 Ch 48 AN R4 130814721 1635184012.500000
= HIT 87 = TRACKER = TRIG_ID 1 =
Slot 2 Feast 0 Ch 52 AN R0 130810810 1635135125.000000
= HIT 88 = TRACKER = TRIG_ID 1 =
Slot 2 Feast 0 Ch 52 AN R1 130812921 1635161512.500000
= HIT 89 = TRACKER = TRIG_ID 1 =
Slot 2 Feast 0 Ch 52 AN R2 130814650 1635183125.000000
= HIT 90 = TRACKER = TRIG_ID 1 =
Slot 2 Feast 0 Ch 52 AN R3 130812981 1635162262.500000
= HIT 91 = TRACKER = TRIG_ID 1 =
Slot 2 Feast 0 Ch 52 AN R4 130814722 1635184025.000000
= HIT 92 = CALO = TRIG_ID 1 =
Slot 5 Ch 8 EvtID 1 RawTDC 261621595 TDC 1635134568.750000 TrigCount 0 Timecount 70292 RawBaseline 9 Baseline 0.000343 RawPeak -28 Peak -0.002135 RawCharge 138 Charge 0.000658 Overflow 0 RisingCell 20 RisingOffset 224 RisingTime 8.154297 FallingCell 18 FallingOffset 160 FallingTime 7.275391 FCR 768
2050 2049 2050 2047 2047 2050 2049 2049 2050 2047 2048 2049 2047 2048 2049 2048 2050 2052 2048 2046 2045 2047 2050 2051 2050 2048 2048 2052 2048 2050 2049 2048 2049 2051 2049 2049 2047 2048 2049 2048 2049 2050 2049 2050 2049 2048 2045 2048 2048 2051 2052 2049 2049 2050 2050 2050 2049 2050 2050 2050 2047 2047 2048 2047 2049 2049 2050 2049 2048 2050 2049 2047 2049 2047 2047 2048 2049 2048 2049 2047 2050 2051 2049 2049 2047 2048 2051 2050 2050 2047 2050 2049 2048 2049 2048 2050 2049 2052 2051 2047 2047 2049 2047 2049 2047 2047 2047 2049 2050 2050 2049 2049 2050 2050 2048 2047 2046 2048 2050 2053 2049 2048 2048 2047 2048 2050 2047 2049 2049 2049 2049 2049 2046 2049 2049 2051 2049 2048 2047 2046 2048 2049 2048 2049 2049 2051 2049 2047 2047 2050 2052 2047 2049 2049 2050 2049 2048 2049 2049 2053 2049 2048 2045 2047 2050 2049 2050 2048 2049 2049 2048 2051 2047 2048 2048 2050 2050 2051 2050 2049 2047 2049 2050 2048 2048 2048 2048 2049 2049 2050 2047 2049 2050 2049 2050 2049 2048 2050 2049 2049 2049 2049 2049 2049 2047 2049 2047 2048 2050 2051 2049 2049 2048 2049 2051 2049 2048 2047 2048 2049 2049 2050 2049 2048 2049 2049 2048 2046 2047 2049 2050 2048 2049 2049 2048 2049 2049 2049 2047 2046 2050 2047 2049 2049 2046 2050 2049 2050 2051 2050 2049 2047 2049 2048 2049 2050 2049 2050 2049 2047 2047 2047 2047 2047 2048 2047 2049 2048 2045 2051 2047 2051 2049 2051 2049 2046 2046 2049 2050 2051 2046 2047 2048 2047 2048 2050 2047 2048 2049 2049 2047 2048 2046 2048 2051 2050 2049 2047 2047 2048 2049 2048 2045 2049 2048 2049 2049 2048 2048 2050 2050 2048 2051 2049 2049 2049 2049 2050 2048 2049 2052 2050 2048 2049 2049 2051 2047 2050 2049 2048 2050 2049 2051 2050 2047 2048 2050 2050 2050 2046 2047 2049 2048 2049 2048 2049 2047 2049 2049 2048 2048 2050 2050 2049 2050 2046 2047 2050 2049 2051 2048 2047 2047 2049 2049 2049 2049 2050 2051 2049 2052 2048 2048 2050 2048 2049 2049 2049 2049 2051 2048 2049 2047 2049 2049 2048 2051 2048 2048 2049 2051 2049 2048 2048 2047 2049 2048 2049 2047 2048 2050 2049 2049 2049 2048 2050 2048 2049 2050 2048 2050 2048 2052 2048 2047 2047 2050 2052 2048 2047 2048 2049 2049 2050 2050 2048 2048 2048 2048 2049 2049 2048 2050 2049 2047 2049 2047 2049 2048 2048 2049 2048 2047 2050 2047 2049 2047 2049 2051 2049 2050 2047 2047 2049 2050 2050 2048 2049 2048 2047 2047 2048 2047 2049 2050 2050 2050 2048 2049 2049 2049 2049 2048 2047 2050 2050 2048 2049 2049 2049 2047 2049 2046 2047 2049 2049 2050 2046 2049 2048 2049 2050 2049 2049 2047 2049 2050 2050 2049 2049 2048 2049 2047 2048 2052 2049 2049 2049 2047 2050 2047 2046 2049 2050 2050 2050 2049 2049 2049 2047 2047 2048 2048 2048 2047 2051 2049 2048 2047 2050 2049 2047 2050 2050 2049 2050 2047 2049 2047 2048 2046 2048 2046 2051 2051 2048 2047 2048 2050 2049 2049 2047 2047 2048 2049 2049 2049 2050 2047 2050 2049 2050 2048 2048 2048 2048 2050 2048 2047 2049 2046 2049 2048 2050 2048 2048 2049 2051 2049 2049 2048 2048 2051 2048 2049 2048 2049 2048 2049 2050 2049 2048 2048 2048 2048 2047 2048 2050 2050 2049 2048 2045 2048 2049 2048 2048 2046 2049 2051 2050 2049 2047 2048 2051 2049 2048 2051 2050 2050 2048 2049 2048 2046 2046 2049 2049 2048 2049 2049 2051 2048 2049 2047 2049 2051 2050 2048 2050 2047 2047 2051 2050 2047 2047 2048 2051 2051 2048 2050 2049 2046 2048 2049 2050 2048 2048 2049 2048 2048 2049 2049 2051 2048 2048 2048 2048 2049 2048 2048 2048 2048 2049 2050 2047 2050 2047 2050 2051 2050 2050 2048 2048 2049 2048 2048 2049 2049 2050 2050 2051 2048 2047 2048 2049 2049 2048 2048 2049 2049 2048 2049 2050 2047 2047 2048 2050 2049 2046 2049 2048 2047 2048 2050 2047 2047 2048 2047 2049 2047 2048 2050 2049 2050 2047 2050 2052 2050 2050 2047 2048 2050 2050 2048 2051 2048 2047 2052 2051 2048 2046 2048 2049 2050 2050 2050 2046 2047 2049 2048 2050 2048 2049 2050 2050 2050 2048 2049 2050 2049 2050 2049 2048 2050 2049 2049 2050 2046 2047 2050 2052 2051 2049 2048 2046 2049 2048 2050 2049 2047 2048 2048 2050 2048 2049 2049 2050 2047 2048 2047 2047 2046 2049 2050 2050 2050 2050 2049 2049 2046 2051 2049 2048 2048 2048 2050 2050 2047 2048 2048 2050 2048 2051 2049 2048 2048 2048 2047 2046 2048 2048 2047 2050 2048 2049 2048 2048 2049 2049 2047 2050 2046 2047 2050 2049 2048 2047 2047 2047 2050 2049 2050 2050 2049 2050 2048 2050 2047 2047 2050 2050 2049 2047 2048 2049 2052 2050 2050 2048 2049 2050 2049 2051 2048 2049 2049 2051 2049 2048 2046 2051 2049 2049 2050 2049 2048 2048 2047 2051 2047 2047 2049 2050 2049 2049 2049 2048 2049 2050 2050 2049 2048 2047 2048 2048 2045 2047 2050 2051 2046 2045 2047 2048 2050 2047 2046 2046 2047 2048 2047 2049 2048 2047 2048 2048 2049 2048 2048 2048 2047 2048 2048 2048 2047 2047 2047 2049 2047 2048 2049 2049 2049 2045 2049 2048 2048 2047 2051 2050 2048 2049 2048 2048 2047 2048 2048 2048 2047 2049 2049 2050 2048 2048 2049 2046 2049 2047 2048 2049 2048 2049 2047 2047 2048 2047 2049 2051 2050 2049 2050 2049 2049 2049 2049 2050 2048 2050 2050 2048 2049 2047 2048 2049 2051 2050 2051 2049 2049 2049 2047 2049 2047 2050 2050 2049 2049 2047 2048 2051 2051 2047 2048 2046 2049 2049 2047 2047 2048 2049 2048 2050 2049 2046 2048 2048 2053 2048 2048 2048 2048 2046 2048 2049 2047 2050
= HIT 93 = CALO = TRIG_ID 1 =
Slot 5 Ch 9 EvtID 1 RawTDC 261621595 TDC 1635134568.750000 TrigCount 1 Timecount 70292 RawBaseline 8593 Baseline 0.327608 RawPeak -7880 Peak -0.600850 RawCharge -28126 Charge -0.134038 Overflow 0 RisingCell 931 RisingOffset 251 RisingTime 364.054871 FallingCell 903 FallingOffset 50 FallingTime 352.810669 FCR 768
2585 2587 2584 2584 2586 2586 2586 2586 2583 2588 2585 2584 2584 2584 2584 2585 2585 2586 2585 2586 2583 2583 2585 2583 2586 2586 2583 2585 2586 2587 2587 2587 2583 2584 2582 2585 2585 2588 2584 2584 2585 2585 2585 2584 2582 2586 2585 2586 2585 2586 2581 2585 2584 2585 2585 2584 2584 2585 2587 2587 2584 2587 2586 2584 2584 2585 2584 2587 2585 2583 2586 2585 2584 2584 2583 2584 2583 2586 2586 2586 2583 2583 2581 2585 2585 2583 2586 2586 2584 2585 2584 2586 2583 2583 2583 2585 2587 2589 2584 2586 2587 2583 2584 2584 2582 2583 2584 2584 2583 2586 2586 2586 2584 2584 2584 2585 2583 2586 2587 2586 2586 2586 2585 2585 2583 2585 2585 2585 2584 2589 2583 2584 2583 2582 2585 2582 2581 2584 2584 2587 2585 2585 2585 2585 2584 2584 2584 2586 2585 2586 2589 2587 2586 2584 2585 2584 2584 2587 2588 2586 2585 2584 2581 2587 2585 2581 2583 2586 2583 2586 2587 2585 2584 2585 2585 2586 2582 2587 2587 2587 2585 2585 2584 2587 2583 2586 2584 2583 2582 2585 2586 2586 2586 2586 2585 2586 2584 2584 2585 2586 2586 2586 2585 2585 2583 2583 2584 2582 2583 2586 2584 2585 2585 2585 2588 2585 2583 2583 2581 2586 2584 2587 2587 2585 2585 2584 2584 2586 2587 2585 2587 2586 2585 2585 2585 2583 2583 2584 2583 2585 2582 2586 2584 2586 2583 2581 2583 2581 2581 2583 2585 2586 2586 2584 2587 2587 2585 2586 2581 2584 2584 2588 2589 2586 2585 2585 2583 2585 2585 2587 2587 2587 2582 2587 2582 2585 2582 2585 2584 2583 2582 2587 2587 2587 2586 2586 2587 2585 2583 2584 2582 2587 2588 2584 2587 2586 2581 2583 2584 2583 2582 2584 2586 2586 2586 2585 2583 2584 2584 2584 2586 2583 2582 2583 2584 2586 2586 2584 2585 2585 2582 2583 2583 2586 2584 2585 2585 2584 2584 2584 2585 2583 2585 2586 2586 2585 2583 2587 2583 2583 2585 2584 2587 2586 2584 2588 2584 2585 2582 2582 2584 2584 2585 2584 2583 2585 2585 2586 2585 2588 2581 2584 2584 2583 2582 2584 2584 2587 2585 2585 2583 2588 2585 2587 2585 2587 2584 2587 2585 2584 2582 2586 2583 2587 2586 2588 2583 2584 2584 2584 2583 2583 2584 2586 2584 2587 2585 2585 2585 2587 2584 2586 2585 2584 2584 2586 2586 2583 2581 2584 2581 2584 2584 2585 2588 2586 2584 2585 2583 2585 2586 2587 2585 2586 2585 2587 2585 2587 2586 2584 2583 2585 2585 2585 2586 2587 2587 2585 2588 2586 2584 2583 2583 2584 2584 2585 2585 2585 2585 2586 2583 2585 2585 2584 2587 2587 2587 2587 2585 2585 2583 2585 2585 2585 2586 2586 2584 2586 2585 2583 2586 2585 2582 2582 2583 2585 2585 2587 2584 2587 2584 2584 2584 2584 2586 2587 2587 2587 2587 2586 2585 2583 2582 2583 2584 2584 2583 2586 2583 2585 2586 2585 2585 2584 2582 2585 2585 2585 2582 2586 2585 2586 2585 2588 2585 2587 2584 2587 2588 2585 2582 2584 2585 2583 2581 2582 2584 2584 2586 2584 2584 2586 2582 2585 2583 2584 2584 2586 2584 2585 2585 2585 2587 2588 2585 2585 2585 2584 2583 2585 2586 2583 2586 2587 2585 2583 2581 2586 2587 2586 2586 2585 2583 2584 2582 2586 2585 2586 2586 2587 2586 2586 2583 2584 2586 2587 2585 2586 2584 2584 2586 2586 2588 2586 2583 2585 2584 2583 2586 2588 2587 2586 2586 2588 2583 2585 2585 2585 2585 2585 2585 2586 2584 2587 2582 2585 2586 2584 2585 2586 2584 2586 2584 2585 2584 2585 2583 2585 2585 2586 2581 2583 2585 2585 2583 2586 2585 2585 2586 2585 2589 2587 2584 2584 2584 2586 2582 2585 2585 2585 2585 2586 2583 2585 2584 2584 2586 2585 2585 2586 2587 2586 2586 2587 2586 2584 2581 2585 2583 2585 2585 2585 2587 2585 2585 2588 2586 2586 2581 2583 2582 2583 2583 2586 2583 2586 2584 2586 2586 2587 2584 2586 2584 2583 2583 2585 2585 2585 2585 2585 2582 2585 2584 2586 2585 2586 2583 2585 2583 2585 2582 2585 2585 2584 2583 2587 2584 2583 2584 2587 2586 2584 2583 2586 2583 2586 2585 2589 2586 2586 2587 2587 2585 2586 2586 2587 2586 2583 2583 2584 2585 2585 2582 2584 2584 2581 2583 2588 2584 2586 2583 2588 2589 2587 2588 2587 2581 2582 2581 2584 2586 2585 2584 2582 2583 2584 2583 2584 2586 2583 2584 2588 2584 2587 2582 2584 2586 2587 2585 2589 2586 2585 2584 2584 2586 2585 2583 2587 2586 2583 2583 2584 2586 2585 2584 2586 2584 2583 2584 2584 2584 2584 2586 2586 2586 2585 2583 2587 2585 2586 2583 2586 2585 2585 2585 2584 2585 2586 2584 2585 2587 2583 2584 2583 2585 2585 2586 2586 2582 2586 2584 2585 2588 2585 2586 2585 2585 2585 2584 2585 2586 2588 2587 2585 2585 2585 2585 2587 2586 2587 2586 2585 2583 2584 2584 2584 2584 2586 2583 2588 2585 2588 2586 2585 2584 2583 2584 2584 2588 2584 2587 2586 2586 2586 2584 2587 2583 2585 2584 2585 2585 2584 2583 2584 2583 2586 2583 2584 2585 2584 2584 2586 2584 2586 2583 2585 2586 2586 2586 2589 2587 2585 2586 2587 2587 2584 2583 2579 2562 2534 2478 2391 2270 2122 1970 1826 1714 1637 1600 1602 1626 1659 1695 1715 1726 1732 1740 1749 1770 1794 1823 1856 1880 1905 1923 1944 1963 1980 1998 2021 2043 2067 2094 2121 2150 2175 2204 2230 2253 2278 2296 2325 2348 2369 2397 2425 2443 2469 2491 2510 2532 2545 2564 2577 2590 2602 2608 2613 2613 2608 2598 2588 2573 2563 2550 2543 2536 2535 2538 2548 2556 2568 2573 2581 2585 2582 2580 2579 2576 2577 2578 2581 2584 2582 2581 2582 2579 2578 2577 2577 2578 2578 2575 2578 2580 2586 2587 2588 2588 2587 2582 2581 2581 2582 2581 2588 2590 2592 2592 2591 2584 2583 2583 2582 2585 2582 2581 2584 2582 2582 2582 2586 2586 2586
= HIT 94 = CALO = TRIG_ID 2 =
Slot 14 Ch 0 EvtID 2 RawTDC 277621444 TDC 1735133625.000000 TrigCount 1 Timecount 79998 RawBaseline 8482 Baseline 0.323376 RawPeak -7657 Peak -0.583846 RawCharge -26867 Charge -0.128038 Overflow 0 RisingCell 931 RisingOffset 132 RisingTime 363.873291 FallingCell 904 FallingOffset 151 FallingTime 353.355408 FCR 816
2578 2578 2578 2578 2577 2579 2578 2580 2579 2580 2581 2577 2576 2576 2578 2577 2580 2583 2583 2580 2581 2579 2579 2576 2581 2578 2580 2579 2578 2579 2579 2577 2574 2580 2580 2576 2582 2581 2580 2581 2581 2580 2580 2578 2576 2579 2581 2581 2578 2580 2580 2578 2579 2577 2577 2578 2579 2578 2580 2578 2577 2578 2578 2579 2576 2580 2578 2578 2578 2580 2579 2581 2581 2579 2579 2578 2579 2578 2580 2580 2579 2581 2578 2578 2579 2578 2579 2580 2581 2579 2582 2580 2577 2578 2578 2579 2576 2581 2580 2579 2578 2579 2578 2578 2578 2578 2580 2580 2580 2581 2581 2579 2577 2580 2579 2576 2577 2577 2579 2580 2577 2580 2578 2578 2578 2579 2579 2579 2577 2582 2581 2579 2581 2581 2580 2580 2579 2578 2579 2579 2578 2580 2579 2577 2578 2579 2580 2576 2577 2579 2581 2579 2580 2579 2581 2578 2575 2579 2579 2579 2579 2582 2582 2578 2579 2578 2580 2578 2580 2579 2579 2580 2578 2577 2578 2577 2575 2580 2578 2575 2576 2579 2580 2579 2579 2576 2579 2578 2576 2580 2579 2579 2578 2581 2582 2579 2578 2577 2581 2577 2579 2578 2580 2578 2579 2579 2577 2579 2577 2579 2580 2580 2578 2579 2580 2578 2578 2576 2577 2576 2576 2582 2581 2581 2578 2580 2578 2577 2576 2580 2580 2579 2581 2578 2581 2579 2577 2580 2578 2578 2580 2584 2585 2583 2579 2580 2579 2579 2576 2577 2577 2577 2576 2580 2578 2579 2578 2579 2579 2576 2580 2580 2581 2578 2578 2577 2579 2576 2576 2579 2577 2578 2578 2583 2582 2580 2577 2576 2576 2578 2578 2578 2578 2577 2577 2579 2582 2581 2577 2579 2581 2579 2579 2579 2581 2579 2579 2577 2578 2575 2576 2581 2580 2580 2578 2583 2579 2578 2577 2577 2578 2578 2578 2581 2581 2579 2577 2580 2578 2579 2577 2577 2577 2578 2579 2579 2581 2580 2580 2576 2579 2576 2577 2582 2583 2580 2579 2581 2580 2576 2574 2579 2580 2580 2582 2582 2582 2579 2578 2577 2578 2576 2576 2580 2581 2578 2581 2578 2577 2579 2579 2580 2577 2577 2577 2579 2580 2579 2577 2580 2579 2577 2577 2577 2578 2581 2579 2579 2578 2579 2576 2578 2581 2579 2580 2582 2584 2579 2578 2579 2580 2581 2576 2578 2577 2579 2578 2581 2583 2579 2576 2580 2578 2579 2578 2579 2583 2580 2579 2579 2577 2576 2577 2578 2579 2579 2578 2581 2581 2578 2577 2580 2579 2579 2577 2578 2578 2578 2577 2578 2580 2578 2576 2578 2579 2580 2580 2582 2580 2581 2580 2580 2580 2577 2578 2579 2579 2581 2578 2580 2578 2576 2577 2578 2579 2579 2578 2580 2582 2579 2577 2577 2577 2578 2576 2580 2581 2580 2578 2580 2579 2579 2579 2578 2577 2579 2577 2581 2580 2580 2577 2580 2579 2576 2575 2578 2580 2579 2580 2580 2581 2578 2578 2579 2577 2580 2578 2581 2581 2582 2578 2578 2578 2578 2576 2577 2577 2578 2576 2579 2577 2576 2576 2579 2579 2575 2578 2578 2579 2580 2579 2580 2580 2579 2578 2580 2580 2580 2579 2583 2580 2578 2576 2579 2578 2579 2579 2579 2580 2578 2577 2580 2581 2578 2576 2578 2580 2579 2578 2580 2580 2579 2580 2580 2577 2575 2576 2578 2580 2578 2580 2584 2583 2577 2576 2579 2578 2577 2578 2578 2580 2578 2578 2580 2577 2578 2576 2580 2580 2580 2578 2579 2577 2580 2579 2580 2580 2578 2578 2580 2581 2581 2579 2581 2580 2579 2578 2578 2580 2581 2579 2581 2583 2577 2578 2578 2579 2579 2579 2580 2580 2578 2581 2579 2580 2577 2578 2578 2579 2580 2581 2581 2582 2580 2579 2580 2580 2579 2578 2580 2579 2578 2578 2579 2580 2577 2577 2578 2578 2579 2579 2582 2580 2579 2577 2579 2580 2581 2581 2578 2579 2578 2576 2579 2581 2579 2577 2580 2579 2581 2579 2579 2579 2577 2577 2579 2581 2578 2578 2579 2579 2581 2576 2581 2582 2577 2578 2580 2580 2577 2579 2582 2580 2578 2576 2578 2577 2580 2578 2579 2580 2578 2578 2580 2579 2579 2579 2578 2578 2576 2577 2578 2579 2580 2579 2581 2578 2578 2576 2578 2579 2578 2580 2579 2580 2579 2579 2579 2578 2581 2579 2582 2583 2579 2580 2580 2579 2578 2579 2581 2582 2580 2577 2581 2581 2580 2574 2579 2581 2577 2579 2578 2578 2578 2578 2579 2578 2575 2575 2580 2578 2581 2581 2583 2582 2579 2576 2577 2578 2577 2577 2577 2577 2577 2577 2578 2578 2578 2574 2577 2579 2576 2578 2579 2578 2579 2579 2577 2580 2579 2577 2578 2581 2580 2578 2580 2579 2578 2577 2580 2580 2581 2579 2576 2579 2578 2578 2578 2578 2578 2577 2580 2581 2580 2580 2579 2579 2578 2577 2577 2578 2577 2579 2582 2581 2581 2576 2580 2579 2576 2577 2577 2581 2579 2579 2578 2578 2580 2577 2577 2576 2578 2578 2580 2578 2578 2578 2580 2578 2579 2577 2576 2579 2578 2579 2579 2578 2579 2578 2580 2581 2577 2578 2579 2581 2577 2578 2580 2578 2579 2581 2581 2578 2579 2578 2583 2581 2578 2579 2577 2578 2576 2579 2579 2579 2578 2576 2581 2578 2579 2578 2581 2580 2578 2579 2577 2577 2577 2577 2577 2577 2580 2577 2580 2581 2578 2578 2580 2575 2561 2542 2495 2420 2317 2183 2042 1896 1770 1683 1633 1621 1635 1669 1700 1723 1734 1740 1748 1752 1770 1792 1818 1848 1873 1895 1921 1941 1963 1992 2023 2056 2084 2114 2135 2157 2171 2184 2200 2216 2237 2258 2288 2312 2338 2364 2387 2411 2429 2453 2477 2498 2515 2530 2541 2550 2550 2552 2550 2550 2549 2550 2557 2559 2552 2551 2544 2534 2527 2518 2520 2527 2534 2550 2561 2568 2570 2570 2572 2569 2567 2567 2572 2575 2579 2581 2581 2581 2575 2576 2575 2574 2576 2573 2576 2580 2578 2580 2581 2583 2583 2582 2581 2581 2580 2583 2582 2584 2583 2583 2584 2584 2580 2579 2581 2578 2579 2575 2574 2572 2571 2572 2574 2575 2576
= HIT 95 = CALO = TRIG_ID 2 =
Slot 14 Ch 1 EvtID 2 RawTDC 277621444 TDC 1735133625.000000 TrigCount 0 Timecount 79998 RawBaseline 10 Baseline 0.000381 RawPeak -29 Peak -0.002211 RawCharge -23 Charge -0.000110 Overflow 0 RisingCell 17 RisingOffset 232 RisingTime 6.994629 FallingCell 16 FallingOffset 152 FallingTime 6.481934 FCR 816
2049 2049 2046 2050 2048 2047 2050 2048 2050 2050 2048 2047 2049 2049 2048 2050 2048 2045 2047 2048 2049 2048 2050 2050 2050 2051 2050 2046 2049 2048 2048 2048 2051 2049 2049 2047 2048 2048 2049 2050 2048 2050 2048 2046 2050 2050 2050 2050 2047 2049 2048 2048 2048 2048 2051 2050 2048 2049 2049 2047 2049 2047 2048 2048 2050 2049 2051 2049 2049 2047 2049 2050 2050 2049 2048 2049 2051 2048 2049 2049 2050 2049 2049 2050 2049 2047 2051 2049 2050 2046 2047 2047 2052 2047 2049 2048 2050 2049 2048 2050 2049 2049 2050 2048 2049 2049 2047 2049 2048 2046 2048 2048 2049 2048 2049 2048 2051 2049 2049 2049 2049 2050 2045 2047 2049 2048 2048 2049 2051 2048 2048 2046 2050 2046 2051 2050 2048 2050 2049 2048 2048 2047 2047 2049 2048 2048 2048 2048 2051 2049 2051 2050 2049 2049 2047 2048 2051 2048 2049 2049 2050 2047 2049 2050 2049 2046 2049 2050 2050 2051 2049 2048 2049 2046 2048 2049 2050 2047 2046 2047 2048 2047 2049 2051 2050 2050 2049 2046 2050 2048 2049 2047 2049 2049 2046 2047 2047 2048 2049 2052 2049 2050 2050 2048 2050 2047 2046 2047 2049 2048 2050 2051 2047 2047 2050 2050 2051 2048 2047 2049 2050 2047 2045 2048 2050 2048 2048 2047 2048 2048 2050 2051 2049 2050 2046 2049 2050 2047 2047 2049 2053 2047 2048 2048 2048 2049 2050 2053 2050 2050 2050 2048 2050 2049 2048 2050 2052 2048 2048 2049 2048 2049 2050 2051 2049 2050 2048 2047 2050 2048 2049 2046 2049 2047 2050 2047 2049 2047 2052 2052 2052 2050 2049 2047 2050 2050 2050 2049 2049 2046 2049 2050 2048 2049 2051 2049 2051 2049 2046 2048 2050 2049 2046 2048 2050 2048 2049 2049 2050 2050 2050 2049 2050 2049 2048 2047 2048 2048 2046 2050 2052 2050 2049 2050 2048 2050 2049 2049 2049 2050 2046 2047 2048 2046 2047 2048 2051 2048 2047 2047 2050 2050 2049 2049 2048 2048 2049 2050 2050 2050 2049 2049 2050 2050 2049 2046 2048 2047 2051 2048 2050 2048 2048 2047 2050 2048 2050 2049 2049 2047 2049 2049 2048 2048 2047 2048 2048 2048 2048 2047 2049 2045 2047 2048 2048 2050 2048 2047 2048 2048 2048 2050 2048 2050 2051 2048 2051 2047 2048 2049 2049 2048 2046 2049 2048 2047 2049 2050 2049 2048 2048 2048 2050 2049 2046 2048 2051 2047 2049 2048 2048 2049 2050 2048 2049 2048 2046 2047 2049 2047 2049 2048 2050 2049 2048 2048 2049 2048 2049 2050 2050 2050 2046 2046 2048 2047 2048 2049 2050 2048 2048 2048 2048 2048 2048 2049 2049 2051 2049 2048 2049 2049 2050 2048 2049 2047 2048 2050 2047 2049 2049 2049 2050 2048 2048 2048 2049 2050 2050 2049 2049 2048 2049 2049 2047 2046 2049 2049 2048 2048 2049 2048 2050 2046 2049 2048 2049 2049 2050 2045 2046 2049 2050 2050 2050 2047 2049 2046 2050 2049 2050 2049 2049 2048 2049 2048 2048 2047 2052 2050 2051 2050 2049 2049 2047 2048 2048 2048 2049 2049 2047 2048 2047 2048 2049 2048 2047 2049 2048 2048 2050 2049 2048 2049 2049 2047 2049 2046 2049 2047 2050 2049 2049 2049 2049 2048 2053 2049 2049 2047 2048 2047 2050 2049 2051 2045 2048 2048 2047 2048 2051 2047 2049 2050 2049 2047 2049 2050 2048 2049 2049 2048 2052 2048 2050 2050 2047 2046 2048 2051 2045 2048 2051 2048 2049 2048 2049 2049 2049 2049 2050 2049 2048 2048 2049 2047 2046 2049 2048 2049 2050 2049 2046 2049 2051 2048 2047 2047 2047 2047 2047 2048 2048 2047 2049 2049 2049 2047 2049 2045 2050 2051 2052 2048 2045 2049 2050 2049 2047 2049 2048 2047 2048 2047 2051 2046 2049 2049 2050 2049 2049 2048 2050 2048 2048 2049 2050 2048 2048 2049 2048 2048 2048 2049 2052 2047 2048 2049 2050 2050 2049 2050 2049 2048 2047 2048 2050 2047 2050 2048 2050 2048 2051 2049 2050 2047 2047 2047 2050 2045 2050 2047 2049 2049 2050 2048 2051 2049 2048 2049 2051 2046 2049 2050 2051 2046 2049 2048 2047 2050 2050 2051 2048 2050 2047 2047 2048 2048 2047 2048 2051 2049 2048 2048 2049 2051 2050 2050 2050 2048 2047 2047 2051 2048 2047 2049 2049 2048 2046 2046 2050 2049 2051 2049 2050 2048 2049 2048 2050 2048 2047 2048 2051 2048 2048 2047 2048 2047 2048 2049 2050 2050 2047 2047 2049 2046 2050 2051 2046 2046 2046 2048 2050 2047 2049 2048 2048 2050 2049 2048 2051 2046 2047 2049 2050 2048 2049 2048 2050 2048 2049 2050 2051 2051 2050 2050 2049 2046 2049 2050 2051 2050 2048 2050 2049 2049 2049 2051 2051 2049 2047 2046 2049 2049 2049 2046 2049 2049 2048 2048 2049 2047 2052 2049 2051 2049 2048 2049 2050 2047 2048 2049 2050 2047 2049 2049 2049 2051 2050 2048 2051 2051 2047 2046 2050 2048 2046 2049 2050 2047 2048 2049 2049 2048 2049 2049 2049 2049 2048 2050 2048 2048 2046 2050 2049 2049 2050 2049 2048 2047 2048 2051 2049 2049 2046 2049 2049 2049 2049 2048 2047 2047 2048 2047 2048 2047 2049 2050 2050 2049 2047 2045 2049 2048 2050 2050 2049 2049 2049 2048 2046 2047 2051 2048 2048 2047 2046 2046 2049 2047 2047 2049 2049 2046 2048 2049 2048 2048 2050 2050 2047 2048 2052 2047 2047 2046 2045 2048 2050 2047 2047 2049 2048 2050 2051 2051 2048 2047 2048 2048 2050 2047 2048 2049 2049 2049 2050 2048 2050 2051 2047 2049 2050 2051 2046 2046 2048 2048 2050 2050 2048 2045 2048 2048 2050 2048 2049 2049 2049 2050 2046 2047 2049 2047 2047 2048 2049 2049 2048 2047 2049 2048 2050 2050 2050 2049 2048 2047 2050 2047 2050 2051 2050 2048 2047 2046 2046 2045 2050 2049 2049 2050 2049 2048 2052 2047 2048 2048 2050 2047 2048 2048 2046 2047 2051 2049 2049 2049 2049 2048 2047 2050 2048 2048
= HIT 96 = TRACKER = TRIG_ID 2 =
Slot 2 Feast 0 Ch 0 AN R0 138810734 1735134175.000000
= HIT 97 = TRACKER = TRIG_ID 2 =
Slot 2 Feast 0 Ch 0 AN R1 138812844 1735160550.000000
= HIT 98 = TRACKER = TRIG_ID 2 =
Slot 2 Feast 0 Ch 0 AN R2 138814574 1735182175.000000
= HIT 99 = TRACKER = TRIG_ID 2 =
Slot 2 Feast 0 Ch 0 AN R3 138812904 1735161300.000000
= HIT 100 = TRACKER = TRIG_ID 2 =
Slot 2 Feast 0 Ch 0 AN R4 138814645 1735183062.500000
= HIT 101 = TRACKER = TRIG_ID 2 =
Slot 2 Feast 0 Ch 4 AN R0 138810735 1735134187.500000
= HIT 102 = TRACKER = TRIG_ID 2 =
Slot 2 Feast 0 Ch 4 AN R1 138812840 1735160500.000000
= HIT 103 = TRACKER = TRIG_ID 2 =
Slot 2 Feast 0 Ch 4 AN R2 138814573 1735182162.500000
= HIT 104 = TRACKER = TRIG_ID 2 =
Slot 2 Feast 0 Ch 4 AN R3 138812905 1735161312.500000
= HIT 105 = TRACKER = TRIG_ID 2 =
Slot 2 Feast 0 Ch 4 AN R4 138814645 1735183062.500000
= HIT 106 = TRACKER = TRIG_ID 2 =
Slot 2 Feast 0 Ch 6 AN R0 138810734 1735134175.000000
= HIT 107 = TRACKER = TRIG_ID 2 =
Slot 2 Feast 0 Ch 6 AN R1 138812838 1735160475.000000
= HIT 108 = TRACKER = TRIG_ID 2 =
Slot 2 Feast 0 Ch 6 AN R2 138814571 1735182137.500000
= HIT 109 = TRACKER = TRIG_ID 2 =
Slot 2 Feast 0 Ch 6 AN R3 138812904 1735161300.000000
= HIT 110 = TRACKER = TRIG_ID 2 =
Slot 2 Feast 0 Ch 6 AN R4 138814645 1735183062.500000
= HIT 111 = TRACKER = TRIG_ID 2 =
Slot 2 Feast 0 Ch 10 AN R0 138810735 1735134187.500000
= HIT 112 = TRACKER = TRIG_ID 2 =
Slot 2 Feast 0 Ch 10 AN R1 138812846 1735160575.000000
= HIT 113 = TRACKER = TRIG_ID 2 =
Slot 2 Feast 0 Ch 10 AN R2 138814577 1735182212.500000
= HIT 114 = TRACKER = TRIG_ID 2 =
Slot 2 Feast 0 Ch 10 AN R3 138812904 1735161300.000000
= HIT 115 = TRACKER = TRIG_ID 2 =
Slot 2 Feast 0 Ch 10 AN R4 138814644 1735183050.000000
= HIT 116 = TRACKER = TRIG_ID 2 =
Slot 2 Feast 0 Ch 12 AN R0 138810735 1735134187.500000
= HIT 117 = TRACKER = TRIG_ID 2 =
Slot 2 Feast 0 Ch 12 AN R1 138812845 1735160562.500000
= HIT 118 = TRACKER = TRIG_ID 2 =
Slot 2 Feast 0 Ch 12 AN R2 138814575 1735182187.500000
= HIT 119 = TRACKER = TRIG_ID 2 =
Slot 2 Feast 0 Ch 12 AN R3 138812904 1735161300.000000
= HIT 120 = TRACKER = TRIG_ID 2 =
Slot 2 Feast 0 Ch 12 AN R4 138814645 1735183062.500000
= HIT 121 = TRACKER = TRIG_ID 2 =
Slot 2 Feast 0 Ch 16 AN R0 138810734 1735134175.000000
= HIT 122 = TRACKER = TRIG_ID 2 =
Slot 2 Feast 0 Ch 16 AN R1 138812849 1735160612.500000
= HIT 123 = TRACKER = TRIG_ID 2 =
Slot 2 Feast 0 Ch 16 AN R2 138814580 1735182250.000000
= HIT 124 = TRACKER = TRIG_ID 2 =
Slot 2 Feast 0 Ch 16 AN R3 138812904 1735161300.000000
= HIT 125 = TRACKER = TRIG_ID 2 =
Slot 2 Feast 0 Ch 16 AN R4 138814644 1735183050.000000
= HIT 126 = TRACKER = TRIG_ID 2 =
Slot 2 Feast 0 Ch 18 AN R0 138810734 1735134175.000000
= HIT 127 = TRACKER = TRIG_ID 2 =
Slot 2 Feast 0 Ch 18 AN R1 138812845 1735160562.500000
= HIT 128 = TRACKER = TRIG_ID 2 =
Slot 2 Feast 0 Ch 18 AN R2 138814576 1735182200.000000
= HIT 129 = TRACKER = TRIG_ID 2 =
Slot 2 Feast 0 Ch 18 AN R3 138812904 1735161300.000000
= HIT 130 = TRACKER = TRIG_ID 2 =
Slot 2 Feast 0 Ch 18 AN R4 138814645 1735183062.500000
= HIT 131 = TRACKER = TRIG_ID 2 =
Slot 2 Feast 0 Ch 22 AN R0 138810735 1735134187.500000
= HIT 132 = TRACKER = TRIG_ID 2 =
Slot 2 Feast 0 Ch 22 AN R1 138812846 1735160575.000000
= HIT 133 = TRACKER = TRIG_ID 2 =
Slot 2 Feast 0 Ch 22 AN R2 138814576 1735182200.000000
= HIT 134 = TRACKER = TRIG_ID 2 =
Slot 2 Feast 0 Ch 22 AN R3 138812904 1735161300.000000
= HIT 135 = TRACKER = TRIG_ID 2 =
Slot 2 Feast 0 Ch 22 AN R4 138814644 1735183050.000000
= HIT 136 = TRACKER = TRIG_ID 2 =
Slot 2 Feast 0 Ch 24 AN R0 138810733 1735134162.500000
= HIT 137 = TRACKER = TRIG_ID 2 =
Slot 2 Feast 0 Ch 24 AN R1 138812848 1735160600.000000
= HIT 138 = TRACKER = TRIG_ID 2 =
Slot 2 Feast 0 Ch 24 AN R2 138814581 1735182262.500000
= HIT 139 = TRACKER = TRIG_ID 2 =
Slot 2 Feast 0 Ch 24 AN R3 138812904 1735161300.000000
= HIT 140 = TRACKER = TRIG_ID 2 =
Slot 2 Feast 0 Ch 24 AN R4 138814645 1735183062.500000
= HIT 141 = TRACKER = TRIG_ID 2 =
Slot 2 Feast 0 Ch 28 AN R0 138810735 1735134187.500000
= HIT 142 = TRACKER = TRIG_ID 2 =
Slot 2 Feast 0 Ch 28 AN R1 138812843 1735160537.500000
= HIT 143 = TRACKER = TRIG_ID 2 =
Slot 2 Feast 0 Ch 28 AN R2 138814573 1735182162.500000
= HIT 144 = TRACKER = TRIG_ID 2 =
Slot 2 Feast 0 Ch 28 AN R3 138812904 1735161300.000000
= HIT 145 = TRACKER = TRIG_ID 2 =
Slot 2 Feast 0 Ch 28 AN R4 138814645 1735183062.500000
= HIT 146 = TRACKER = TRIG_ID 2 =
Slot 2 Feast 0 Ch 30 AN R0 138810733 1735134162.500000
= HIT 147 = TRACKER = TRIG_ID 2 =
Slot 2 Feast 0 Ch 30 AN R1 138812838 1735160475.000000
= HIT 148 = TRACKER = TRIG_ID 2 =
Slot 2 Feast 0 Ch 30 AN R2 138814570 1735182125.000000
= HIT 149 = TRACKER = TRIG_ID 2 =
Slot 2 Feast 0 Ch 30 AN R3 138812904 1735161300.000000
= HIT 150 = TRACKER = TRIG_ID 2 =
Slot 2 Feast 0 Ch 30 AN R4 138814645 1735183062.500000
= HIT 151 = TRACKER = TRIG_ID 2 =
Slot 2 Feast 0 Ch 34 AN R0 138810733 1735134162.500000
= HIT 152 = TRACKER = TRIG_ID 2 =
Slot 2 Feast 0 Ch 34 AN R1 138812842 1735160525.000000
= HIT 153 = TRACKER = TRIG_ID 2 =
Slot 2 Feast 0 Ch 34 AN R2 138814574 1735182175.000000
= HIT 154 = TRACKER = TRIG_ID 2 =
Slot 2 Feast 0 Ch 34 AN R3 138812905 1735161312.500000
= HIT 155 = TRACKER = TRIG_ID 2 =
Slot 2 Feast 0 Ch 34 AN R4 138814645 1735183062.500000
= HIT 156 = TRACKER = TRIG_ID 2 =
Slot 2 Feast 0 Ch 36 AN R0 138810733 1735134162.500000
= HIT 157 = TRACKER = TRIG_ID 2 =
Slot 2 Feast 0 Ch 36 AN R1 138812840 1735160500.000000
= HIT 158 = TRACKER = TRIG_ID 2 =
Slot 2 Feast 0 Ch 36 AN R2 138814571 1735182137.500000
= HIT 159 = TRACKER = TRIG_ID 2 =
Slot 2 Feast 0 Ch 36 AN R3 138812905 1735161312.500000
= HIT 160 = TRACKER = TRIG_ID 2 =
Slot 2 Feast 0 Ch 36 AN R4 138814645 1735183062.500000
= HIT 161 = TRACKER = TRIG_ID 2 =
Slot 2 Feast 0 Ch 40 AN R0 138810734 1735134175.000000
= HIT 162 = TRACKER = TRIG_ID 2 =
Slot 2 Feast 0 Ch 40 AN R1 138812845 1735160562.500000
= HIT 163 = TRACKER = TRIG_ID 2 =
Slot 2 Feast 0 Ch 40 AN R2 138814574 1735182175.000000
= HIT 164 = TRACKER = TRIG_ID 2 =
Slot 2 Feast 0 Ch 40 AN R3 138812905 1735161312.500000
= HIT 165 = TRACKER = TRIG_ID 2 =
Slot 2 Feast 0 Ch 40 AN R4 138814645 1735183062.500000
= HIT 166 = TRACKER = TRIG_ID 2 =
Slot 2 Feast 0 Ch 42 AN R0 138810734 1735134175.000000
= HIT 167 = TRACKER = TRIG_ID 2 =
Slot 2 Feast 0 Ch 42 AN R1 138812842 1735160525.000000
= HIT 168 = TRACKER = TRIG_ID 2 =
Slot 2 Feast 0 Ch 42 AN R2 138814573 1735182162.500000
= HIT 169 = TRACKER = TRIG_ID 2 =
Slot 2 Feast 0 Ch 42 AN R3 138812905 1735161312.500000
= HIT 170 = TRACKER = TRIG_ID 2 =
Slot 2 Feast 0 Ch 42 AN R4 138814645 1735183062.500000
= HIT 171 = TRACKER = TRIG_ID 2 =
Slot 2 Feast 0 Ch 46 AN R0 138810734 1735134175.000000
= HIT 172 = TRACKER = TRIG_ID 2 =
Slot 2 Feast 0 Ch 46 AN R1 138812844 1735160550.000000
= HIT 173 = TRACKER = TRIG_ID 2 =
Slot 2 Feast 0 Ch 46 AN R2 138814575 1735182187.500000
= HIT 174 = TRACKER = TRIG_ID 2 =
Slot 2 Feast 0 Ch 46 AN R3 138812905 1735161312.500000
= HIT 175 = TRACKER = TRIG_ID 2 =
Slot 2 Feast 0 Ch 46 AN R4 138814645 1735183062.500000
= HIT 176 = TRACKER = TRIG_ID 2 =
Slot 2 Feast 0 Ch 48 AN R0 138810734 1735134175.000000
= HIT 177 = TRACKER = TRIG_ID 2 =
Slot 2 Feast 0 Ch 48 AN R1 138812841 1735160512.500000
= HIT 178 = TRACKER = TRIG_ID 2 =
Slot 2 Feast 0 Ch 48 AN R2 138814571 1735182137.500000
= HIT 179 = TRACKER = TRIG_ID 2 =
Slot 2 Feast 0 Ch 48 AN R3 138812904 1735161300.000000
= HIT 180 = TRACKER = TRIG_ID 2 =
Slot 2 Feast 0 Ch 48 AN R4 138814645 1735183062.500000
= HIT 181 = TRACKER = TRIG_ID 2 =
Slot 2 Feast 0 Ch 52 AN R0 138810734 1735134175.000000
= HIT 182 = TRACKER = TRIG_ID 2 =
Slot 2 Feast 0 Ch 52 AN R1 138812844 1735160550.000000
= HIT 183 = TRACKER = TRIG_ID 2 =
Slot 2 Feast 0 Ch 52 AN R2 138814575 1735182187.500000
= HIT 184 = TRACKER = TRIG_ID 2 =
Slot 2 Feast 0 Ch 52 AN R3 138812905 1735161312.500000
= HIT 185 = TRACKER = TRIG_ID 2 =
Slot 2 Feast 0 Ch 52 AN R4 138814646 1735183075.000000
= HIT 186 = CALO = TRIG_ID 2 =
Slot 5 Ch 8 EvtID 2 RawTDC 277621443 TDC 1735133618.750000 TrigCount 0 Timecount 79998 RawBaseline 3 Baseline 0.000114 RawPeak -41 Peak -0.003126 RawCharge 259 Charge 0.001234 Overflow 0 RisingCell 110 RisingOffset 109 RisingTime 43.135071 FallingCell 109 FallingOffset 156 FallingTime 42.816162 FCR 800
2050 2052 2048 2045 2046 2049 2048 2049 2049 2049 2047 2048 2048 2049 2046 2048 2050 2051 2048 2048 2047 2050 2051 2050 2048 2047 2048 2046 2047 2048 2048 2049 2050 2050 2048 2047 2046 2049 2049 2048 2047 2047 2048 2049 2049 2049 2049 2047 2049 2050 2048 2047 2048 2049 2050 2046 2049 2049 2046 2047 2047 2050 2046 2048 2049 2050 2049 2046 2046 2049 2050 2050 2049 2047 2048 2050 2048 2050 2045 2049 2048 2051 2047 2048 2046 2050 2049 2051 2049 2047 2048 2048 2047 2050 2048 2048 2051 2051 2049 2047 2047 2048 2049 2049 2048 2047 2049 2048 2049 2048 2043 2050 2048 2049 2048 2048 2048 2049 2051 2047 2049 2047 2048 2047 2047 2047 2046 2049 2051 2049 2048 2047 2050 2051 2051 2046 2050 2049 2047 2049 2049 2049 2047 2050 2051 2049 2046 2048 2047 2049 2051 2050 2049 2049 2047 2047 2049 2049 2050 2050 2049 2049 2049 2047 2045 2050 2050 2050 2046 2050 2050 2049 2049 2048 2047 2049 2050 2049 2048 2047 2048 2048 2048 2049 2050 2048 2049 2048 2048 2050 2048 2047 2049 2049 2049 2049 2047 2048 2050 2048 2047 2049 2049 2049 2048 2050 2046 2047 2049 2051 2047 2047 2048 2049 2048 2051 2051 2049 2048 2048 2048 2050 2048 2051 2049 2048 2046 2048 2048 2048 2049 2049 2048 2049 2048 2048 2048 2050 2048 2050 2049 2049 2045 2046 2046 2049 2050 2049 2047 2047 2050 2047 2047 2049 2047 2046 2049 2049 2049 2047 2050 2048 2050 2047 2047 2047 2049 2050 2049 2051 2046 2048 2051 2049 2048 2047 2049 2051 2052 2050 2047 2048 2046 2048 2050 2050 2047 2050 2049 2049 2049 2048 2048 2048 2048 2049 2049 2047 2048 2049 2048 2048 2045 2048 2049 2050 2049 2049 2049 2049 2048 2047 2048 2047 2046 2047 2047 2049 2049 2048 2048 2051 2049 2050 2047 2048 2048 2048 2050 2047 2047 2051 2048 2048 2048 2049 2048 2048 2049 2049 2049 2049 2049 2049 2048 2048 2048 2047 2047 2049 2047 2049 2050 2049 2047 2047 2047 2048 2049 2049 2050 2049 2047 2048 2047 2047 2046 2048 2048 2050 2048 2049 2049 2048 2050 2049 2050 2047 2049 2047 2047 2049 2048 2050 2049 2050 2049 2045 2046 2049 2049 2048 2046 2048 2047 2049 2047 2048 2048 2048 2048 2051 2048 2048 2047 2051 2050 2049 2047 2048 2049 2049 2048 2048 2047 2048 2051 2050 2048 2047 2047 2049 2051 2050 2045 2046 2047 2048 2047 2049 2047 2048 2049 2051 2049 2048 2047 2050 2049 2046 2047 2047 2049 2050 2048 2047 2050 2049 2050 2048 2049 2047 2049 2049 2048 2046 2049 2047 2047 2049 2048 2047 2048 2049 2051 2050 2047 2047 2046 2049 2048 2048 2049 2047 2047 2049 2048 2050 2048 2048 2049 2051 2050 2047 2048 2048 2051 2048 2048 2047 2048 2048 2048 2050 2048 2048 2046 2050 2049 2047 2045 2047 2049 2051 2048 2049 2048 2050 2048 2049 2047 2047 2050 2049 2048 2046 2047 2048 2050 2049 2046 2047 2047 2050 2050 2050 2049 2048 2048 2049 2047 2046 2049 2048 2050 2048 2051 2046 2047 2050 2047 2049 2049 2051 2049 2050 2049 2047 2050 2047 2051 2048 2050 2049 2050 2048 2049 2048 2048 2049 2050 2049 2050 2048 2047 2047 2050 2047 2048 2048 2049 2049 2047 2049 2046 2048 2052 2047 2047 2047 2049 2049 2048 2047 2050 2048 2048 2048 2048 2050 2047 2048 2048 2049 2049 2048 2046 2048 2049 2048 2046 2050 2048 2049 2050 2049 2048 2049 2050 2051 2049 2047 2046 2049 2049 2048 2049 2048 2047 2047 2047 2048 2048 2048 2049 2049 2049 2047 2047 2049 2049 2049 2049 2048 2049 2048 2049 2050 2048 2049 2051 2050 2049 2047 2049 2050 2050 2050 2048 2047 2047 2048 2048 2049 2048 2047 2049 2050 2048 2048 2047 2050 2049 2048 2047 2049 2047 2048 2048 2050 2047 2048 2051 2050 2047 2047 2047 2049 2050 2049 2049 2049 2049 2047 2049 2049 2047 2050 2047 2048 2048 2047 2048 2051 2049 2050 2048 2049 2049 2050 2049 2051 2046 2050 2052 2050 2050 2048 2050 2049 2051 2049 2049 2049 2049 2049 2049 2048 2047 2048 2047 2048 2049 2050 2047 2049 2049 2050 2049 2048 2049 2047 2049 2049 2045 2049 2052 2051 2049 2047 2049 2049 2051 2049 2050 2048 2049 2048 2049 2050 2046 2050 2050 2050 2047 2046 2045 2049 2050 2051 2047 2047 2048 2049 2048 2048 2045 2049 2049 2049 2048 2047 2048 2048 2048 2048 2048 2049 2048 2049 2047 2048 2048 2048 2049 2049 2050 2048 2050 2052 2050 2049 2050 2049 2049 2047 2047 2049 2046 2048 2050 2049 2049 2047 2046 2047 2049 2047 2050 2048 2046 2047 2047 2047 2046 2046 2051 2050 2048 2048 2048 2049 2051 2049 2050 2049 2048 2048 2047 2049 2045 2049 2050 2051 2049 2046 2046 2049 2049 2048 2049 2047 2048 2049 2048 2050 2049 2051 2049 2048 2048 2049 2047 2048 2050 2051 2050 2048 2050 2048 2048 2048 2048 2050 2049 2050 2048 2048 2047 2050 2049 2050 2050 2050 2049 2046 2046 2048 2047 2049 2048 2050 2049 2047 2047 2049 2048 2049 2049 2048 2049 2048 2048 2049 2049 2050 2049 2049 2045 2046 2048 2050 2049 2047 2048 2047 2047 2048 2048 2049 2046 2043 2047 2050 2047 2046 2046 2049 2048 2045 2048 2047 2048 2049 2046 2047 2045 2048 2050 2050 2048 2047 2047 2048 2050 2049 2050 2049 2048 2048 2049 2048 2048 2048 2050 2050 2049 2049 2048 2049 2048 2047 2049 2046 2047 2049 2048 2048 2047 2048 2051 2049 2048 2047 2046 2047 2049 2049 2048 2048 2049 2047 2048 2050 2050 2048 2051 2048 2047 2046 2047 2047 2048 2049 2048 2049 2048 2049 2047 2048 2047 2047 2048 2048 2050 2048 2049 2050 2051 2049 2049 2046 2047 2048 2046 2047 2049 2049 2050 2048 2049 2049 2047 2050 2050 2050 2050 2048 2050 2048 2047 2049 2048 2049
= HIT 187 = CALO = TRIG_ID 2 =
Slot 5 Ch 9 EvtID 2 RawTDC 277621443 TDC 1735133618.750000 TrigCount 1 Timecount 79998 RawBaseline 8582 Baseline 0.327189 RawPeak -7891 Peak -0.601689 RawCharge -27704 Charge -0.132027 Overflow 0 RisingCell 937 RisingOffset 159 RisingTime 366.258240 FallingCell 909 FallingOffset 20 FallingTime 355.108643 FCR 800
2584 2587 2583 2585 2583 2583 2584 2584 2581 2585 2585 2585 2586 2586 2584 2585 2585 2585 2582 2587 2583 2584 2588 2586 2585 2584 2582 2583 2584 2586 2586 2586 2582 2589 2583 2585 2583 2583 2584 2582 2583 2588 2587 2585 2583 2586 2586 2585 2583 2586 2583 2585 2585 2585 2586 2585 2583 2584 2583 2583 2584 2584 2587 2585 2586 2588 2584 2584 2583 2584 2587 2586 2585 2585 2585 2584 2585 2584 2583 2583 2582 2587 2583 2587 2584 2584 2586 2584 2586 2584 2584 2584 2583 2584 2586 2586 2586 2587 2582 2586 2583 2583 2585 2586 2583 2584 2583 2585 2581 2582 2583 2585 2585 2587 2584 2586 2587 2584 2584 2583 2583 2584 2584 2584 2581 2585 2585 2585 2584 2587 2585 2584 2584 2586 2588 2588 2583 2587 2586 2586 2583 2585 2586 2584 2584 2585 2584 2585 2585 2583 2585 2584 2584 2585 2584 2585 2585 2587 2588 2586 2582 2585 2586 2584 2586 2585 2585 2584 2584 2585 2585 2582 2582 2581 2584 2584 2585 2586 2582 2584 2585 2584 2583 2583 2584 2587 2585 2587 2584 2585 2585 2585 2585 2585 2582 2584 2585 2587 2588 2585 2586 2584 2585 2584 2584 2584 2583 2587 2584 2587 2584 2584 2583 2583 2584 2584 2585 2585 2584 2584 2583 2584 2583 2583 2585 2586 2583 2585 2584 2585 2584 2583 2583 2582 2582 2584 2586 2587 2585 2586 2583 2585 2583 2586 2586 2586 2586 2586 2585 2587 2585 2583 2584 2584 2583 2584 2583 2587 2584 2584 2583 2582 2585 2584 2584 2585 2584 2586 2583 2585 2586 2584 2584 2586 2580 2583 2584 2585 2588 2585 2585 2586 2584 2583 2582 2584 2586 2587 2584 2587 2584 2586 2585 2581 2585 2583 2583 2585 2584 2586 2583 2585 2584 2583 2582 2584 2583 2587 2587 2585 2585 2583 2583 2584 2582 2585 2584 2584 2587 2588 2585 2586 2582 2584 2581 2581 2584 2587 2585 2586 2587 2584 2582 2584 2584 2586 2583 2586 2585 2587 2584 2586 2585 2583 2583 2584 2585 2587 2583 2586 2585 2587 2583 2587 2581 2583 2582 2584 2585 2585 2584 2586 2585 2585 2581 2586 2585 2584 2584 2587 2584 2586 2585 2583 2584 2583 2583 2583 2585 2585 2584 2584 2585 2585 2584 2584 2585 2586 2586 2588 2587 2585 2586 2585 2584 2584 2584 2586 2587 2588 2587 2587 2583 2585 2583 2586 2586 2586 2585 2587 2586 2586 2584 2586 2587 2585 2582 2584 2584 2587 2585 2586 2587 2585 2583 2583 2583 2585 2583 2584 2582 2585 2584 2584 2581 2585 2583 2581 2583 2584 2584 2586 2584 2585 2584 2585 2585 2583 2583 2586 2583 2586 2585 2584 2586 2585 2586 2584 2582 2583 2582 2585 2585 2588 2583 2586 2582 2585 2585 2586 2587 2585 2585 2586 2584 2587 2582 2583 2585 2586 2586 2587 2585 2587 2586 2585 2585 2584 2584 2585 2585 2583 2582 2587 2586 2587 2585 2586 2584 2583 2581 2585 2588 2586 2586 2585 2585 2583 2582 2583 2584 2586 2584 2585 2581 2584 2585 2587 2584 2585 2585 2584 2585 2584 2581 2587 2586 2586 2583 2585 2582 2586 2585 2586 2584 2585 2584 2584 2581 2583 2580 2584 2583 2585 2585 2585 2583 2584 2583 2585 2586 2584 2581 2585 2582 2585 2586 2584 2585 2586 2583 2584 2581 2586 2586 2586 2587 2585 2581 2585 2584 2585 2582 2586 2585 2586 2585 2587 2583 2584 2584 2585 2585 2585 2583 2584 2585 2584 2581 2585 2584 2583 2584 2589 2585 2585 2586 2583 2585 2586 2583 2587 2587 2586 2584 2586 2587 2586 2584 2586 2584 2586 2583 2583 2586 2585 2583 2586 2584 2582 2584 2587 2583 2585 2584 2586 2584 2586 2586 2587 2586 2583 2583 2584 2584 2584 2582 2583 2584 2584 2584 2586 2583 2588 2584 2585 2584 2585 2587 2587 2587 2584 2584 2585 2585 2585 2582 2587 2584 2585 2587 2584 2586 2585 2584 2586 2584 2585 2582 2584 2584 2586 2586 2586 2583 2584 2585 2588 2588 2584 2584 2585 2583 2586 2583 2584 2585 2586 2586 2585 2584 2584 2583 2584 2586 2583 2584 2585 2585 2585 2582 2584 2586 2585 2588 2589 2585 2585 2585 2585 2588 2583 2582 2585 2586 2584 2582 2585 2586 2585 2585 2586 2585 2584 2582 2585 2589 2583 2584 2583 2583 2586 2582 2583 2583 2586 2586 2585 2584 2586 2583 2584 2586 2586 2583 2584 2586 2585 2584 2584 2584 2583 2583 2587 2586 2585 2586 2585 2587 2587 2585 2586 2583 2584 2584 2586 2584 2584 2583 2585 2583 2584 2585 2583 2584 2585 2585 2586 2584 2585 2583 2584 2583 2585 2586 2587 2584 2584 2584 2586 2583 2584 2584 2584 2585 2584 2584 2586 2587 2586 2584 2585 2584 2584 2585 2588 2589 2586 2584 2587 2586 2586 2584 2583 2584 2586 2584 2587 2585 2585 2585 2585 2585 2583 2582 2583 2586 2585 2585 2585 2585 2586 2582 2587 2583 2585 2585 2587 2586 2585 2585 2584 2582 2585 2586 2585 2584 2585 2584 2587 2583 2586 2583 2587 2586 2585 2584 2584 2585 2584 2584 2585 2585 2584 2584 2585 2583 2586 2585 2585 2586 2585 2582 2584 2586 2583 2583 2583 2586 2587 2586 2586 2583 2583 2584 2584 2587 2582 2582 2585 2583 2583 2583 2584 2583 2583 2583 2586 2584 2587 2586 2585 2582 2576 2557 2523 2463 2369 2249 2103 1948 1807 1684 1620 1598 1607 1637 1672 1702 1721 1732 1736 1740 1754 1773 1798 1829 1859 1885 1911 1931 1950 1965 1986 2007 2025 2050 2075 2101 2128 2151 2180 2209 2235 2260 2285 2304 2329 2354 2380 2404 2427 2450 2475 2496 2517 2534 2550 2564 2578 2594 2606 2611 2614 2611 2605 2593 2580 2567 2558 2547 2535 2532 2534 2538 2547 2559 2571 2576 2583 2581 2581 2580 2575 2573 2576 2578 2580 2584 2586 2583 2583 2582 2577 2572 2574 2572 2572 2576 2580 2581 2584 2586 2587 2584 2586 2583 2582 2582 2581 2583 2588 2590 2592 2591 2588 2588 2588 2585 2583 2582 2584 2582 2583