0 1 102
1 6 102
0 6 37
1 4 82
1 7 71
1 3 110
1 6 42
1 4 85
0 5 28
1 4 14
0 4 109
0 8 71
0 4 59
1 3 62
0 6 111
0 6 18
0 1 65
0 6 68
0 6 10
1 5 50
0 7 29
0 6 96
0 3 89
1 4 84
1 2 66
0 4 98
0 2 95
0 1 4
1 3 51
1 8 60
1 4 24
1 1 53
0 1 9
1 4 41
1 0 13
1 7 95
0 8 49
1 2 38
1 3 20
0 2 13
1 1 49
0 8 1
0 6 39
0 6 3
0 1 68
1 6 8
1 2 86
1 8 35
0 3 109
1 1 10
1 0 90
0 2 3
1 5 63
0 0 8
0 8 9
1 5 53
0 0 0
0 4 73
0 1 105
0 8 20
1 2 92
1 3 10
1 2 3
1 8 5
0 5 7
1 6 7
1 3 37
1 5 15
0 7 82
1 1 9
0 8 80
1 4 62
0 5 107
0 6 89
1 8 85
1 8 77
0 1 67
0 5 10
0 8 72
0 3 15
1 0 66
0 1 90
1 3 90
1 5 16
0 5 86
0 3 75
0 2 45
1 2 93
1 7 65
0 7 67
1 4 103
0 4 48
0 3 17
0 4 110
1 2 2
1 8 22
1 7 66
0 5 56
0 3 106
0 1 78
1 7 96
1 3 111
1 4 89
1 4 7
1 5 69
1 1 21
0 7 52
1 5 102
0 3 20
1 1 81
0 6 82
1 3 8
1 6 46
1 1 99
0 0 19
0 5 99
1 1 47
1 6 59
0 7 89
0 5 81
0 1 27
0 1 80
0 4 24
0 8 89
1 2 45
0 3 26
0 0 69
0 3 67
1 7 43
0 3 85
0 1 79
0 3 0
1 4 74
0 7 47
1 4 38
1 0 91
1 2 90
0 2 99
1 3 81
1 4 17
0 8 12
0 0 104
0 1 53
0 2 104
0 2 2
1 7 11
0 7 94
1 4 106
0 1 7
1 7 52
0 4 86
1 7 20
0 2 50
0 0 106
0 2 9
0 2 6
1 1 50
0 7 70
1 1 15
1 1 85
0 1 38
0 6 61
0 3 88
1 2 30
1 4 98
1 2 28
0 8 19
1 8 51
0 1 91
0 0 36
1 0 11
1 5 1
0 5 50
0 1 45
0 5 77
1 2 52
1 0 64
0 2 90
1 7 24
0 4 32
1 2 71
1 1 39
1 1 109
1 0 31
0 7 13
0 4 57
0 8 68
1 5 34
0 8 74
1 0 47
0 0 88
1 7 48
1 0 105
1 3 49
1 6 47
0 7 75
1 0 71
0 6 13
1 0 42
1 0 57
1 8 50
1 5 71
1 8 53
1 4 57
1 8 9
1 8 104
0 6 112
0 7 101
1 3 79
0 3 77
1 5 21
1 7 21
0 4 23
1 2 49
0 2 47
0 5 39
0 4 111
0 6 86
0 5 110
1 5 103
1 2 56
0 2 58
1 1 76
1 6 1
0 7 87
0 0 60
0 4 58
0 4 91
1 3 108
1 7 112
0 4 17
0 8 112
1 4 18
0 8 62
0 3 81
0 6 78
1 7 91
1 7 108
1 1 82
0 5 71
1 7 9
0 2 32
0 2 106
1 1 3
1 6 20
0 6 40
0 4 84
0 8 28
1 6 26
0 8 31
1 4 112
1 1 36
0 4 4
0 1 31
1 7 72
0 7 63
1 8 107
0 4 61
0 6 12
0 4 72
0 0 24
0 0 22
1 8 6
1 2 83
1 2 34
1 4 28
1 5 66
0 8 23
0 0 31
0 1 10
1 7 36
1 8 32
1 4 3
0 3 18
1 5 80
1 7 80
0 6 94
0 0 58
0 1 12
1 1 11
1 4 8
0 3 82
0 4 79
0 0 85
0 4 16
1 1 33
0 2 54
1 3 95
0 6 79
1 7 34
0 1 63
1 4 90
0 1 84
1 3 74
1 0 53
0 4 22
0 7 14
0 8 37
1 4 70
1 3 7
1 7 31
0 4 47
1 4 15
1 0 15
1 6 13
0 6 91
0 3 38
0 0 98
0 6 108
1 5 36
1 6 71
0 3 4
1 7 94
0 7 32
0 8 43
0 6 77
0 7 56
0 1 42
0 3 111
0 3 14
0 7 35
0 1 5
1 8 106
1 2 104
0 1 19
0 5 3
0 7 48
1 4 110
0 6 93
1 3 18
0 7 31
1 2 42
1 8 59
0 0 94
0 7 93
0 0 15
0 7 34
1 3 85
0 3 34
0 4 30
1 3 41
0 3 25
0 5 64
1 2 111
0 0 108
1 1 80
0 7 43
1 3 107
1 7 76
1 6 93
1 0 99
1 6 17
1 2 59
0 4 41
1 5 64
0 8 11
1 0 104
1 3 34
1 1 78
0 3 53
1 4 50
1 6 94
0 7 79
1 6 31
1 4 37
1 6 9
0 5 83
0 5 80
0 3 19
0 7 53
1 6 60
1 0 88
1 8 61
1 6 16
0 8 18
1 3 106
1 2 84
1 1 34
1 2 14
1 6 87
0 7 23
1 1 55
0 2 80
1 5 73
0 1 18
1 0 77
1 8 110
0 7 11
0 6 105
0 1 74
1 8 91
0 0 111
0 2 0
1 7 2
0 1 49
1 3 53
0 7 15
1 3 63
0 2 49
1 6 99
1 4 104
0 1 89
1 2 88
1 4 51
1 6 106
1 6 12
1 6 40
1 4 25
0 5 30
0 7 37
0 2 55
1 2 78
0 3 6
0 0 87
1 0 87
1 2 19
0 4 55
1 2 70
0 3 30
0 5 68
1 3 60
1 4 52
0 5 96
1 1 12
0 5 11
1 2 13
1 8 71
0 5 98
1 3 31
1 7 41
1 5 26
0 6 83
1 7 77
0 6 66
1 1 1
1 8 1
0 6 33
1 5 112
0 0 107
0 1 50
0 7 76
0 6 57
0 6 31
1 4 55
0 2 82
0 3 61
1 6 27
1 4 23
0 3 39
1 7 73
1 3 22
0 3 60
0 4 18
1 6 35
1 4 96
1 6 67
1 5 111
0 1 47
1 0 44
0 5 58
1 5 61
0 0 14
0 5 85
1 2 112
1 1 4
1 1 38
1 7 64
1 2 26
1 5 109
1 6 50
1 6 15
1 7 86
1 6 68
0 2 34
1 8 15
0 6 63
0 7 84
1 2 96
0 2 91
1 0 63
1 5 25
0 2 31
0 0 96
0 0 41
1 1 73
1 0 100
0 5 82
0 7 80
1 0 43
1 4 32
0 8 35
0 0 59
0 6 41
1 1 41
0 6 56
0 2 69
1 0 17
1 1 30
1 7 13
0 8 104
1 1 56
1 0 94
0 3 62
1 6 92
0 1 8
1 0 111
0 4 77
1 4 12
0 8 78
0 7 27
0 4 83
1 0 68
0 7 19
0 2 1
1 7 110
0 4 27
1 8 18
0 3 101
0 2 111
1 7 88
1 0 73
1 3 3
1 8 7
0 8 76
0 4 87
0 5 32
0 5 70
0 5 53
0 8 53
0 5 29
0 0 3
0 1 23
1 2 35
1 4 35
1 6 70
0 4 97
0 3 79
0 4 28
0 1 100
0 8 50
1 1 16
1 3 26
0 4 89
1 6 51
1 3 28
0 7 36
0 8 110
1 2 23
1 6 36
1 8 10
0 2 10
0 6 1
0 2 109
0 4 53
1 6 29
1 0 60
1 5 70
0 8 55
1 8 74
1 5 24
0 8 22
1 6 84
1 2 25
1 7 104
0 7 51
0 3 98
1 3 78
1 1 5
0 4 38
1 1 110
1 8 2
0 0 99
1 3 70
0 8 95
1 1 18
0 5 93
1 8 68
1 0 107
1 7 7
1 4 45
0 2 57
0 5 16
0 5 38
0 1 64
0 7 49
0 2 8
1 4 100
0 7 9
0 5 21
1 8 65
1 7 67
1 1 28
1 0 96
0 8 45
0 4 95
1 4 13
0 3 5
0 5 61
0 3 46
1 0 76
1 8 21
0 7 66
1 6 49
0 7 72
0 4 81
0 8 63
1 5 17
0 1 101
0 4 25
1 6 32
0 1 96
0 6 32
1 7 89
0 8 13
1 4 31
0 0 61
0 3 45
0 3 36
0 8 25
1 0 97
0 0 90
1 7 107
1 8 81
1 8 96
1 3 104
0 3 8
1 0 65
0 5 91
0 6 20
1 1 101
1 7 79
0 7 54
0 5 36
1 0 58
1 1 29
0 2 98
1 7 44
1 6 24
1 8 33
0 4 1
0 1 77
1 0 92
0 1 95
0 0 30
0 2 93
1 3 15
1 5 107
0 3 69
0 4 76
1 4 34
0 7 1
0 3 107
0 3 94
1 3 57
1 1 48
1 5 8
0 1 3
1 8 84
1 2 37
1 4 99
1 7 19
0 8 17
0 3 32
0 6 100
0 7 0
1 7 46
1 8 88
0 2 20
1 2 18
1 5 93
1 2 109
0 3 100
1 6 3
1 0 69
0 7 57
1 5 49
1 3 23
1 4 5
0 0 102
0 5 100
0 7 83
1 4 43
1 5 79
1 5 5
0 3 33
1 8 69
1 0 9
1 0 85
1 5 68
1 0 109
0 2 51
0 7 64
1 2 21
0 1 97
0 1 35
0 1 6
0 8 24
0 1 87
1 5 60
1 2 6
1 2 76
0 8 107
0 1 20
0 6 109
0 2 26
1 0 62
1 3 80
0 7 103
1 3 64
0 8 39
1 8 100
1 2 74
0 6 84
1 7 16
0 1 57
1 4 101
1 1 40
1 7 23
0 7 44
1 7 78
1 5 38
0 5 72
1 4 27
0 2 60
0 7 3
0 1 43
0 8 85
0 1 88
0 2 92
1 7 29
1 8 24
1 4 102
1 6 82
0 3 47
0 7 6
1 7 30
0 5 52
0 5 25
1 2 102
1 0 102
0 8 69
0 8 96
1 1 19
1 5 94
1 2 75
1 8 95
1 4 75
1 7 6
1 0 41
1 7 45
1 1 75
1 4 81
1 5 6
0 4 35
1 6 62
0 3 112
1 2 20
1 5 89
0 5 69
1 6 11
0 8 61
1 5 108
1 2 87
0 6 102
1 8 52
0 7 2
0 0 32
1 8 34
0 7 55
0 7 98
1 5 104
1 0 82
1 2 29
1 5 45
0 2 41
1 3 6
1 0 2
0 1 28
1 2 103
1 7 101
1 8 13
0 3 99
0 4 5
0 7 38
1 2 0
0 0 47
1 3 82
1 2 82
0 3 37
1 0 18
0 1 86
1 8 76
0 7 81
0 4 36
0 6 74
1 6 10
1 6 86
0 0 101
0 6 38
1 0 3
1 1 70
1 1 61
1 2 41
1 7 68
0 6 45
0 3 16
0 3 92
0 6 95
0 0 50
1 7 53
1 8 0
1 3 38
0 5 51
0 2 65
1 7 35
1 3 58
0 0 21
1 0 4
0 2 43
0 5 59
0 2 71
0 5 26
1 6 57
1 2 108
0 4 0
0 6 6
0 1 107
1 6 91
0 5 6
1 1 20
1 8 17
1 1 23
1 5 88
1 4 46
0 4 101
0 1 56
0 4 51
0 7 69
1 5 86
1 1 51
1 3 97
0 2 81
0 4 50
1 8 31
0 8 67
0 5 105
1 2 7
1 1 58
0 0 55
1 6 2
1 1 72
1 7 56
0 6 75
1 1 6
0 0 35
0 2 84
0 8 66
1 5 41
0 8 88
0 1 30
1 3 98
0 4 9
0 5 101
0 4 70
1 3 16
0 8 41
0 8 46
0 7 4
1 0 25
0 2 77
1 1 0
0 2 35
1 4 2
0 5 41
1 5 4
1 7 55
0 2 38
1 2 50
0 7 92
0 4 103
0 6 14
1 5 105
1 5 67
0 4 33
1 0 50
0 8 38
0 3 90
1 7 98
1 4 111
1 6 81
0 0 100
0 0 75
0 5 4
0 6 27
0 0 66
0 4 75
1 7 26
1 2 101
1 4 107
1 4 6
0 7 112
1 8 93
1 0 26
1 8 111
1 8 57
1 6 34
0 0 25
0 8 75
1 2 99
0 0 81
0 3 2
1 1 69
1 0 67
1 1 66
1 1 94
0 4 78
1 3 0
1 2 79
0 4 106
1 1 91
1 6 30
1 6 65
1 4 40
1 6 111
0 6 98
0 8 111
0 6 64
1 4 78
1 5 76
0 3 11
0 5 45
0 5 12
0 5 44
1 6 33
0 8 56
0 1 72
0 1 24
1 6 45
1 4 88
0 6 21
1 5 98
0 4 96
1 1 60
0 8 60
0 2 66
1 1 24
0 4 74
1 7 87
1 7 10
0 8 58
0 1 99
1 7 1
0 6 110
1 8 56
0 2 28
1 5 3
1 2 68
1 6 19
0 8 51
1 1 100
0 6 26
0 3 64
0 1 69
1 5 46
1 8 4
1 2 8
0 4 40
0 1 110
1 1 42
1 4 48
0 6 80
1 7 103
0 5 103
0 5 1
1 4 0
1 3 50
1 8 47
0 4 107
0 4 8
0 3 12
1 7 90
1 0 23
0 0 29
1 1 54
1 2 33
1 8 70
0 3 41
1 5 85
0 0 27
1 0 81
0 4 37
1 3 59
0 7 110
0 0 74
0 7 8
1 1 105
0 1 66
0 2 46
0 2 40
0 0 28
0 0 97
0 3 59
0 8 81
1 4 47
1 8 92
0 2 101
1 1 26
1 8 38
0 7 42
0 8 16
1 2 110
1 0 101
0 0 20
1 3 48
1 8 25
1 4 73
1 0 14
1 6 108
0 8 101
1 3 56
1 1 8
1 0 86
0 2 4
1 4 64
1 1 52
1 2 10
1 4 72
0 5 97
0 3 57
0 2 105
1 5 59
1 2 57
1 1 104
1 1 2
0 3 86
1 0 93
1 6 110
0 2 68
0 0 51
1 0 37
1 2 54
0 2 24
1 6 64
0 4 10
0 5 35
0 2 52
1 2 4
0 1 26
1 6 0
0 3 1
0 2 36
1 7 62
0 6 73
1 2 12
1 5 39
1 4 33
1 3 36
1 4 80
0 1 22
1 3 112
1 1 98
0 7 39
0 7 97
1 7 18
0 1 40
0 8 91
0 8 82
0 6 71
0 4 94
0 1 98
1 8 16
1 6 37
1 3 39
1 7 85
0 1 32
0 8 93
0 7 91
1 1 27
0 5 5
1 5 47
0 8 14
1 3 21
0 3 54
1 6 21
1 8 82
1 7 61
0 6 49
0 8 84
0 6 17
1 7 12
0 6 36
1 7 69
0 6 97
1 2 100
1 6 76
0 7 73
0 5 87
0 6 103
1 7 3
1 5 18
0 3 65
0 4 64
0 6 16
0 2 61
0 6 85
0 2 37
0 1 61
0 1 58
1 0 84
0 7 68
1 4 19
0 7 24
0 5 79
1 2 107
0 5 2
1 4 53
0 7 17
0 0 112
1 5 54
1 6 14
0 8 4
0 7 96
1 0 61
1 8 83
1 8 37
0 3 40
1 1 45
0 7 104
1 0 20
0 6 65
1 3 103
1 8 44
0 2 22
1 2 94
0 5 89
0 1 36
1 5 106
0 1 75
1 6 18
0 3 51
1 8 43
1 6 6
1 4 59
0 5 67
1 3 45
0 4 14
0 5 18
1 2 15
1 7 97
0 2 103
0 8 98
0 6 52
1 3 84
1 2 81
0 2 107
0 7 41
0 4 88
1 3 93
0 7 40
0 6 92
1 1 111
0 6 107
0 1 1
1 7 0
1 0 51
0 0 4
1 2 46
1 8 27
1 4 91
0 1 93
0 3 48
1 2 65
1 6 78
0 6 55
0 4 26
0 7 62
0 7 7
0 1 62
1 4 61
0 7 88
0 1 29
1 1 68
1 0 55
0 7 74
1 4 109
0 5 9
1 2 55
1 0 32
1 4 21
0 6 9
1 8 90
1 8 102
0 0 33
1 8 103
0 4 54
1 2 47
0 5 20
1 1 83
0 6 23
0 6 76
