0 1 65
0 7 17
1 5 29
0 6 97
1 1 35
1 7 37
0 0 53
0 0 23
0 7 47
0 6 26
1 1 46
1 4 57
0 8 14
0 7 19
1 2 69
0 8 82
0 4 56
0 7 48
1 7 13
0 2 52
1 5 43
1 5 49
0 8 70
0 8 81
0 5 10
1 8 110
0 3 29
0 8 89
0 8 31
0 6 89
1 6 45
0 3 70
0 2 76
0 0 83
0 7 68
1 1 66
0 3 106
1 8 7
0 5 28
1 6 93
0 2 4
1 0 17
0 4 83
1 4 88
0 4 51
0 8 25
1 3 100
1 4 99
1 5 62
1 4 1
1 1 82
0 8 106
0 3 25
0 2 6
0 4 19
0 3 57
1 5 12
1 6 3
0 5 14
1 8 51
1 6 106
1 0 89
1 3 85
1 8 49
1 2 57
0 3 56
1 1 111
1 6 94
0 0 6
0 8 107
0 5 32
1 2 19
1 8 77
1 0 55
0 6 49
0 2 94
0 0 110
0 7 85
1 0 101
1 2 109
1 6 108
1 4 69
1 4 80
1 0 63
1 2 23
1 6 68
1 5 46
0 2 82
1 5 51
0 8 79
1 0 104
1 7 8
0 8 96
0 8 100
1 7 9
0 3 109
0 8 67
0 3 74
0 3 24
1 7 99
1 2 41
1 1 42
1 4 36
1 6 65
1 1 4
1 4 70
1 2 9
1 4 18
1 1 95
0 8 8
0 2 44
0 2 59
0 0 8
0 4 26
0 8 94
1 5 68
0 5 0
1 0 66
0 7 46
1 3 47
0 3 51
1 0 45
1 1 81
1 0 103
0 6 45
0 5 88
1 7 21
0 4 87
0 5 54
1 0 60
0 7 36
1 5 17
0 5 68
0 8 74
0 0 112
0 0 70
0 7 65
0 0 77
0 1 11
0 3 112
0 1 3
0 2 18
0 8 58
1 4 22
0 5 107
1 6 52
0 4 75
1 8 8
0 3 19
1 3 25
1 0 77
1 3 4
0 8 40
1 0 32
0 4 84
1 6 23
0 3 42
0 1 41
1 4 2
0 6 76
1 7 98
0 6 103
0 5 46
0 4 5
0 6 99
0 1 42
0 7 4
0 1 80
0 2 29
0 4 94
1 0 35
0 0 96
0 1 84
1 8 19
0 4 73
0 2 96
0 3 95
1 5 91
0 8 83
1 5 53
0 4 102
1 7 43
0 2 14
1 4 107
0 8 0
1 8 65
1 6 5
1 3 32
0 7 6
1 5 23
1 5 59
1 5 3
1 0 111
0 8 17
1 0 53
1 3 49
0 0 63
0 1 83
1 8 61
0 3 92
0 6 38
0 2 71
0 2 47
1 0 52
0 2 22
0 8 36
0 1 82
0 8 98
0 2 91
0 8 87
1 7 34
1 1 52
1 6 48
1 5 10
1 6 110
1 1 12
0 8 53
1 5 35
0 2 88
0 4 31
0 7 18
0 7 22
1 6 97
0 4 85
0 4 39
1 4 59
0 3 69
1 3 108
1 6 15
0 0 78
0 7 5
1 4 96
0 0 79
1 4 74
1 8 56
0 6 102
0 1 1
0 2 17
0 5 4
1 3 109
0 6 9
1 5 77
0 6 24
0 3 76
0 6 111
1 8 34
1 3 110
0 3 35
0 7 3
1 1 36
0 2 49
0 5 48
0 0 24
1 7 46
1 3 41
0 6 68
0 5 66
1 5 13
1 1 38
0 2 24
0 2 43
1 1 77
0 3 71
0 7 45
1 4 39
1 7 42
0 0 56
1 1 90
0 5 34
1 6 104
0 4 82
1 4 62
0 8 7
1 2 36
1 5 47
0 1 52
1 0 64
0 0 102
0 0 72
1 2 25
1 7 1
1 1 31
1 5 25
0 4 24
0 2 97
1 6 76
1 2 107
0 5 97
1 7 76
0 4 53
0 2 79
0 1 101
0 0 85
0 5 77
0 4 92
0 8 66
0 3 49
0 4 2
1 6 87
1 8 52
1 7 18
0 2 51
0 1 109
1 6 61
1 4 66
0 2 80
0 5 69
0 1 28
0 0 109
0 2 33
1 0 51
1 8 76
1 7 91
0 3 44
1 6 58
1 3 101
1 8 15
1 8 81
0 4 37
0 2 83
1 6 85
0 0 105
0 4 9
0 1 97
0 2 57
0 0 10
1 3 37
0 7 84
1 8 41
0 5 72
0 7 69
1 6 77
1 3 58
1 2 77
1 1 86
0 5 57
1 5 21
0 2 45
1 2 56
0 3 87
0 7 70
1 0 86
1 5 20
1 4 54
1 7 53
0 1 46
1 0 44
1 4 105
1 7 70
0 7 54
0 8 56
0 2 62
0 7 0
1 6 0
0 0 93
0 4 14
0 6 16
1 2 5
0 5 2
1 0 2
1 5 82
0 6 101
1 7 95
1 5 98
0 5 24
0 2 68
1 6 66
1 5 88
1 7 94
1 5 55
0 2 98
1 3 51
1 2 79
0 0 73
1 4 87
1 2 43
0 2 32
1 2 39
1 8 40
1 2 74
1 4 28
1 7 17
1 4 11
1 6 26
0 2 5
1 8 30
1 6 44
0 2 48
0 3 3
0 5 3
0 0 52
0 3 2
1 2 66
0 8 41
1 5 100
1 1 76
0 8 65
1 0 25
1 1 44
1 4 13
