0 3 84
0 8 95
1 1 76
1 1 58
0 1 71
0 8 61
0 7 3
1 1 85
1 8 20
1 0 21
1 6 21
0 3 60
1 1 63
1 1 5
0 1 101
1 7 47
0 7 105
1 0 39
1 5 67
1 8 50
1 7 75
0 6 80
0 4 24
0 0 78
0 4 5
1 7 86
0 7 64
0 7 111
0 2 4
0 1 93
1 6 40
1 7 36
1 6 61
1 5 80
0 3 30
1 3 96
0 8 104
0 8 27
0 1 31
1 3 91
0 6 109
0 1 39
0 5 42
1 0 18
1 5 53
1 8 89
1 6 102
0 5 27
1 1 35
1 4 63
0 2 66
1 5 3
1 3 12
0 2 49
0 6 16
0 8 103
0 8 36
0 2 23
1 1 84
0 2 79
0 4 40
0 1 3
1 1 22
0 7 71
0 2 64
0 8 102
0 3 104
0 4 98
0 1 107
1 7 3
1 7 10
0 0 44
1 0 28
1 8 100
1 8 88
1 1 65
1 0 22
1 1 105
0 3 4
0 4 112
1 2 52
1 3 29
1 7 64
0 7 85
1 1 108
0 2 10
1 4 45
1 6 10
1 8 103
0 4 47
1 5 5
0 3 77
0 0 59
1 0 23
0 6 5
1 4 79
0 7 6
1 2 102
0 6 13
1 7 72
0 0 90
0 6 87
0 2 76
1 8 44
0 6 71
1 2 101
1 6 36
1 6 94
1 8 106
1 5 103
1 1 50
0 6 26
0 4 86
0 2 15
0 3 26
1 0 66
0 7 10
0 5 82
1 4 94
0 8 53
1 2 36
1 2 87
1 2 45
0 1 29
0 3 81
0 5 79
1 1 19
0 0 103
0 5 41
0 4 36
0 7 54
1 4 74
1 0 11
0 3 57
1 4 71
1 1 91
0 5 89
1 2 13
0 4 78
0 5 75
1 5 106
1 2 58
0 8 69
0 2 101
0 1 35
1 1 67
0 2 65
1 7 91
0 5 51
0 0 34
1 5 40
0 2 11
0 3 85
0 6 3
1 7 85
1 6 79
0 7 19
0 4 62
1 2 27
1 7 93
1 5 54
1 4 52
1 0 63
0 8 38
0 3 103
1 5 7
1 3 42
0 1 89
0 7 93
1 4 2
1 7 83
0 7 4
1 0 83
1 0 72
1 0 24
0 1 68
0 3 28
1 6 28
1 1 17
0 0 66
0 0 81
0 0 25
0 1 75
0 3 32
1 0 64
1 2 85
1 7 66
0 7 47
1 2 108
1 7 94
0 4 97
0 2 47
1 7 7
1 1 16
0 7 48
0 5 34
1 8 61
1 0 79
0 1 96
0 0 107
1 0 82
1 8 95
1 8 47
1 2 8
1 4 6
1 8 86
0 5 17
1 3 50
1 8 87
1 3 92
1 4 88
0 3 107
1 4 106
0 2 67
0 8 10
1 5 32
0 5 58
0 4 96
1 3 41
1 5 56
1 3 16
1 0 77
1 3 108
0 1 53
1 6 85
1 4 50
1 5 36
0 4 37
1 2 39
0 6 62
1 0 84
1 1 102
1 4 90
1 4 110
0 5 81
1 3 39
1 4 70
1 5 19
0 8 72
1 1 64
1 6 55
1 4 77
0 7 31
1 2 33
1 7 97
0 3 112
0 2 93
1 6 109
0 8 44
1 0 46
1 4 97
1 2 28
1 4 86
1 6 80
0 0 48
0 5 62
0 1 30
0 8 47
0 6 4
1 8 46
0 8 40
0 2 88
0 5 64
0 5 15
0 3 108
1 7 31
0 5 5
0 3 62
0 1 58
0 8 8
1 1 94
0 2 94
0 1 45
0 6 106
0 2 27
0 8 30
1 4 21
0 7 90
0 1 41
0 0 43
0 3 25
0 7 39
1 5 9
1 7 70
0 0 20
1 3 104
1 2 37
0 1 34
0 5 31
1 1 7
1 1 81
0 2 22
1 7 81
0 5 43
0 6 69
1 0 13
0 7 70
0 0 16
1 6 111
1 7 32
1 6 20
1 6 25
0 1 2
0 3 95
0 6 99
1 2 48
1 0 98
1 5 94
0 1 62
1 6 52
1 6 98
0 1 6
1 0 32
0 6 37
1 7 78
0 8 79
0 6 101
1 0 27
0 5 3
1 6 8
1 4 64
1 1 112
0 6 56
1 7 112
1 3 102
1 6 43
1 5 21
0 2 40
1 6 6
1 8 5
0 8 101
0 6 41
1 1 36
0 0 13
0 2 89
1 3 15
1 3 7
0 5 110
0 2 39
0 7 5
1 1 6
1 5 98
1 4 24
1 6 4
1 7 101
1 6 78
0 6 75
0 0 79
1 7 1
0 6 107
0 4 58
1 5 22
1 7 105
1 0 57
0 4 104
1 2 81
1 5 75
1 2 83
1 3 79
0 4 102
1 1 69
1 7 56
1 8 107
1 6 87
1 4 28
1 0 55
1 8 55
0 6 46
0 0 93
0 1 56
0 4 101
0 2 95
1 0 47
0 5 86
0 5 80
0 2 102
0 7 23
1 6 19
0 2 28
1 5 15
0 1 92
0 7 99
0 2 111
0 3 1
0 6 53
1 8 75
1 0 53
0 2 87
0 1 51
1 1 70
0 0 95
0 5 59
0 5 10
0 0 74
0 6 6
0 6 63
1 4 33
1 0 99
1 5 111
0 4 19
0 5 112
0 0 18
1 4 44
1 6 58
0 5 83
1 8 18
0 7 11
1 5 69
0 0 58
0 7 95
0 4 103
0 1 43
1 0 107
0 1 24
1 8 92
0 5 25
1 1 33
1 6 29
1 0 92
0 2 83
0 0 22
0 0 47
1 6 106
1 1 10
1 2 44
1 8 83
0 7 35
1 4 1
0 5 77
1 3 107
1 0 17
1 0 73
1 2 67
0 7 102
0 1 99
0 8 112
1 6 37
1 5 100
1 8 48
0 5 88
1 5 107
0 8 46
0 1 111
0 8 42
1 5 110
1 7 27
0 1 85
1 4 102
0 5 54
0 7 14
0 5 33
0 0 76
1 2 54
1 7 88
1 6 76
1 5 91
0 8 81
0 1 25
1 7 19
1 1 41
1 0 90
0 7 82
1 8 110
1 2 18
1 1 28
1 2 11
0 3 34
0 8 32
1 1 77
1 5 44
0 6 14
1 0 6
0 8 99
1 7 25
1 2 47
0 8 67
1 4 36
0 0 96
1 7 62
0 1 88
1 0 85
1 4 59
1 1 56
1 7 96
0 1 55
0 8 58
1 7 106
0 3 80
0 2 43
1 7 30
0 5 21
1 2 25
1 0 54
0 5 105
1 5 59
0 7 69
0 8 33
1 7 0
0 3 64
1 4 55
1 5 0
1 3 74
1 7 79
1 2 110
1 0 59
1 6 16
0 6 33
0 2 24
0 6 30
1 3 110
0 8 25
1 3 1
1 1 21
0 7 20
0 3 75
0 1 86
0 7 52
1 0 25
1 4 19
1 1 72
1 5 47
0 5 78
1 3 105
1 2 17
0 8 18
0 1 63
1 3 95
0 5 8
1 4 75
1 5 77
0 3 8
1 1 12
0 8 94
1 6 93
1 4 54
0 7 1
1 2 91
0 1 66
1 1 31
0 5 2
1 2 109
1 8 16
0 8 71
1 2 41
1 4 9
0 7 107
1 5 48
0 0 5
1 4 62
0 8 26
0 5 38
0 8 14
0 0 26
0 6 67
0 5 46
1 6 107
1 4 4
1 6 2
0 7 97
1 7 53
1 1 88
1 3 87
1 2 60
1 0 86
0 1 110
0 1 7
0 4 59
0 8 73
1 0 44
0 3 79
1 4 53
1 1 24
1 1 92
0 6 51
0 0 54
1 5 35
0 4 87
0 7 59
1 7 100
1 1 25
1 6 35
0 0 36
0 0 71
0 5 40
0 6 10
1 6 75
1 2 112
1 2 94
1 0 35
1 6 101
0 6 103
0 7 45
1 6 44
0 4 3
1 1 87
0 2 9
0 0 63
1 4 69
0 2 58
0 8 97
0 4 67
0 8 92
1 2 68
0 4 65
1 0 20
0 6 89
0 3 35
0 4 43
0 4 12
0 8 82
0 4 49
1 2 3
0 1 94
0 1 67
0 8 3
1 2 105
1 3 88
1 6 49
0 5 61
0 4 82
1 8 1
1 3 85
0 1 105
1 1 103
1 2 104
1 8 42
1 3 52
1 8 109
0 2 63
1 3 60
0 5 32
0 3 5
1 7 35
1 4 49
0 3 2
1 6 89
1 2 30
1 4 30
0 5 69
0 5 37
0 0 33
1 6 92
0 6 90
0 1 84
1 4 17
0 5 96
1 7 59
0 8 22
0 8 9
0 1 65
1 5 65
1 0 71
1 5 82
1 3 100
0 2 3
0 3 94
0 7 77
1 2 98
1 8 13
0 0 60
1 2 4
1 0 94
1 6 66
1 7 58
1 7 22
1 6 50
1 8 64
0 1 40
0 4 56
1 8 8
1 4 8
1 0 50
1 2 21
1 6 70
0 3 19
0 7 101
0 5 104
1 4 51
0 5 0
1 8 32
0 6 8
0 2 91
1 7 15
1 2 99
0 3 106
0 3 15
1 3 97
1 5 70
0 0 39
1 2 23
1 3 61
1 4 91
0 0 6
0 3 37
1 8 21
1 7 37
1 0 95
1 7 89
1 7 104
0 6 38
1 7 44
1 0 80
0 0 3
0 8 59
1 1 42
0 3 10
0 5 99
1 6 46
0 3 110
1 2 2
0 7 83
0 0 84
1 0 36
1 4 22
1 5 92
0 4 75
1 3 98
1 6 88
1 8 22
0 2 44
0 1 46
1 1 29
1 7 60
0 0 104
0 0 77
0 7 53
0 2 26
0 3 20
0 0 50
0 7 13
0 3 76
1 5 86
0 8 70
0 6 74
1 6 41
0 5 48
1 1 74
1 4 40
1 3 53
1 7 80
1 3 13
1 5 27
1 3 73
1 2 76
0 7 28
1 4 111
1 8 24
1 3 68
1 2 65
1 8 54
1 5 112
1 6 112
0 0 40
0 4 105
1 5 61
1 8 102
0 5 36
0 5 24
0 5 26
0 2 103
0 0 37
1 3 22
1 5 85
1 2 6
0 3 33
1 7 20
1 4 7
1 6 63
0 8 35
0 3 31
0 0 72
1 3 46
1 5 24
1 3 82
0 3 18
0 2 71
1 3 54
0 2 90
0 1 61
1 2 51
1 0 108
0 7 27
0 2 92
1 0 70
1 7 54
1 5 66
1 4 10
0 2 104
1 6 11
0 7 8
0 7 0
0 3 41
1 7 9
1 5 52
1 8 59
1 5 17
0 2 31
1 0 61
1 4 42
1 5 49
0 4 29
1 4 100
0 3 17
1 0 67
1 0 112
1 1 68
0 4 34
1 0 88
0 7 79
1 6 64
1 8 6
1 6 53
1 8 2
0 4 54
0 6 40
1 5 60
0 6 66
0 6 28
0 0 92
1 6 48
1 2 63
1 5 42
1 5 97
0 7 7
0 8 52
0 4 100
1 8 3
0 4 63
1 4 81
1 8 37
1 8 105
1 5 46
0 3 78
1 1 86
0 2 84
1 2 34
0 6 44
0 1 28
1 0 19
0 1 77
0 1 112
0 7 84
0 8 86
0 3 16
0 6 64
0 2 110
1 4 16
1 3 80
0 7 44
1 8 65
0 7 57
0 5 63
1 5 81
1 1 30
0 3 102
1 1 32
1 0 45
1 4 56
0 4 30
0 8 13
1 4 76
0 3 100
0 1 78
1 6 95
0 6 61
0 2 62
0 0 49
1 5 31
0 1 14
0 2 97
0 8 31
1 2 86
0 4 31
0 4 7
0 2 20
0 5 28
0 8 98
1 0 4
0 1 81
1 6 15
0 3 6
1 1 95
1 3 58
0 6 47
1 7 26
0 2 6
1 0 9
1 7 38
0 3 88
1 3 3
0 3 52
1 5 73
1 2 93
0 5 20
0 0 91
0 3 66
1 3 36
1 8 35
1 0 38
0 1 37
0 3 46
0 0 38
1 7 107
1 5 1
1 8 73
0 3 36
0 0 67
0 1 80
0 7 30
0 2 53
1 3 66
0 0 70
0 0 30
1 8 15
0 6 60
1 7 110
1 8 66
0 2 77
0 8 88
1 2 15
0 4 1
1 5 14
1 4 107
1 3 106
0 8 37
0 7 58
1 3 47
1 8 111
0 1 109
1 2 89
0 4 16
1 5 102
0 7 66
1 1 78
1 5 62
1 3 9
1 6 22
1 3 24
0 6 9
0 6 84
1 8 26
1 6 31
0 4 99
1 7 63
0 5 18
1 8 17
0 4 95
0 8 85
0 0 15
1 5 58
1 3 30
0 4 92
1 4 78
0 4 22
0 0 110
0 8 21
0 4 57
0 2 86
1 3 38
0 5 95
0 1 0
1 5 88
1 7 52
1 3 94
0 8 64
0 0 27
0 7 36
0 5 35
1 8 53
0 3 55
0 0 112
0 7 96
0 4 27
0 6 43
0 2 46
0 1 48
1 0 100
1 4 31
0 4 0
0 4 71
1 1 1
1 7 45
1 5 78
1 0 51
0 6 48
0 5 94
1 2 106
1 0 111
1 0 48
0 2 72
0 4 4
1 2 79
1 6 23
0 1 76
1 6 67
0 3 59
0 4 106
0 4 41
0 5 39
0 1 100
