0 6 78
1 7 98
0 5 56
0 5 46
1 4 73
1 4 45
0 8 87
1 6 35
1 4 71
0 2 9
1 5 9
0 6 71
1 0 10
0 5 7
1 3 53
0 4 95
1 5 61
1 0 30
1 1 95
0 2 76
0 0 92
1 0 21
1 1 68
0 4 15
0 6 14
0 6 39
1 2 2
0 2 51
0 8 17
0 8 16
0 8 7
1 4 78
1 6 61
0 4 107
1 8 64
1 4 97
1 0 69
0 0 111
1 1 84
1 4 12
0 4 31
0 6 23
1 5 65
1 8 40
0 5 68
0 1 88
1 3 66
1 3 73
1 4 8
1 5 89
0 7 35
0 0 69
1 2 73
0 5 12
0 3 5
1 8 67
1 1 108
0 7 17
1 1 81
0 0 81
0 3 27
1 1 55
1 4 105
1 0 22
0 0 10
1 4 28
1 7 40
0 6 92
0 8 53
0 1 62
1 3 88
0 2 71
0 6 22
1 7 1
1 6 95
0 2 16
0 7 63
0 2 18
0 5 60
1 4 54
0 1 12
1 1 28
1 7 91
1 6 43
0 2 105
0 5 51
0 2 77
1 0 29
0 3 56
0 1 84
0 7 97
1 0 14
1 0 54
0 2 28
0 3 94
0 5 66
0 1 20
1 6 18
0 7 106
1 5 98
1 3 57
1 6 9
1 4 18
1 1 64
1 7 33
1 6 4
0 5 78
1 7 112
0 2 97
1 8 95
1 2 111
1 2 60
0 4 24
1 5 48
1 5 11
1 7 68
1 6 56
1 0 85
1 8 16
0 0 23
0 3 112
0 8 94
0 5 5
1 8 45
1 2 54
0 5 35
0 4 16
1 3 23
1 2 91
0 6 112
1 4 104
1 5 84
0 3 110
0 4 92
0 3 36
0 7 20
0 4 42
0 2 62
1 2 80
0 4 77
1 7 77
0 5 24
1 6 78
1 3 75
1 6 53
1 6 24
1 6 73
0 3 86
1 3 96
0 0 86
0 0 44
0 7 0
1 3 90
0 5 47
1 2 90
0 0 103
0 3 95
0 1 52
1 2 71
0 7 29
0 6 19
1 7 14
0 7 1
0 7 10
1 2 67
0 5 79
1 8 29
0 0 101
0 0 105
0 4 110
0 8 19
1 8 24
1 5 86
0 4 25
1 2 99
0 4 27
1 1 8
0 7 26
0 2 37
1 2 93
1 0 50
0 6 5
0 0 65
0 1 34
1 5 109
1 0 53
0 5 75
0 4 106
0 4 89
0 6 69
1 5 40
0 0 48
1 7 80
1 3 84
1 2 18
0 5 109
1 0 48
1 0 49
1 3 54
1 2 66
1 8 21
1 5 75
0 0 56
1 4 98
1 4 89
1 7 82
1 3 104
0 6 59
0 2 6
0 6 52
1 7 88
1 0 24
1 0 86
1 7 107
0 4 61
1 4 26
0 5 58
1 3 11
0 3 60
0 4 11
1 3 72
1 7 63
1 5 27
0 2 54
0 6 76
