1 2 72
0 0 110
0 6 56
0 8 61
0 5 90
0 2 104
0 0 112
1 7 9
0 4 84
1 3 34
1 7 78
0 1 65
0 3 13
1 1 46
1 4 68
0 2 51
0 8 72
0 4 19
1 3 71
0 4 1
1 1 103
0 4 77
1 5 2
1 7 77
0 5 53
1 2 1
1 0 55
0 4 88
0 3 10
0 6 49
0 1 93
0 0 79
1 3 10
1 7 57
0 1 38
1 0 43
0 4 64
0 7 92
1 3 24
1 6 48
0 8 86
1 7 103
1 2 35
0 5 9
0 0 63
0 6 39
1 0 86
0 5 41
1 8 46
0 1 51
0 8 40
0 7 21
0 7 53
1 7 27
0 7 11
1 1 66
1 0 65
0 2 79
0 1 75
1 1 48
0 6 62
1 4 66
1 6 42
1 2 105
1 7 87
0 2 10
1 6 45
0 4 8
1 3 7
1 5 58
0 0 88
1 2 78
1 1 2
1 1 17
1 3 107
1 0 6
0 6 84
1 2 80
0 2 28
0 4 94
1 7 89
1 3 60
0 6 12
0 1 8
0 7 65
0 6 75
0 4 87
1 6 70
1 6 87
0 3 102
1 0 94
0 7 70
1 8 28
0 2 64
0 5 40
0 1 71
0 6 97
0 2 112
1 5 17
1 1 89
0 7 77
0 5 61
0 5 50
0 6 37
1 3 18
0 6 111
0 2 16
0 6 42
0 8 105
1 5 60
0 8 80
0 3 65
1 4 22
0 3 93
0 7 22
1 0 84
0 2 27
1 7 59
1 5 107
1 6 39
1 3 39
0 8 13
0 2 17
1 5 92
1 2 83
0 4 70
1 3 50
1 5 12
0 0 24
0 7 34
1 6 85
1 1 93
0 4 76
1 8 40
1 7 7
0 4 2
1 7 66
0 8 56
1 7 40
0 1 99
0 8 55
1 6 51
1 6 89
0 5 36
0 0 18
0 2 6
0 2 29
1 6 16
1 2 75
1 1 19
1 5 106
0 8 10
0 5 78
0 5 65
0 5 54
1 7 98
1 1 43
0 5 35
1 6 86
0 1 108
0 8 22
1 2 19
0 3 78
1 1 51
0 7 75
0 8 45
1 6 83
1 8 14
1 2 112
0 2 88
0 3 31
1 7 95
0 4 112
0 1 59
0 6 77
0 5 63
1 6 31
0 3 11
0 7 3
0 6 81
0 5 55
1 0 7
0 7 69
0 6 85
1 0 16
1 0 20
1 3 83
0 5 14
0 5 74
1 4 2
0 8 21
1 1 39
1 0 67
0 1 64
1 8 88
1 0 77
1 0 62
0 7 33
1 7 79
1 6 102
0 3 92
0 3 40
0 5 5
0 2 30
1 1 72
1 7 63
0 6 16
1 8 10
1 1 78
1 1 8
1 8 56
0 1 50
1 1 82
1 4 0
0 4 36
0 6 47
1 3 11
1 3 70
1 3 77
0 1 35
1 1 96
1 5 0
1 4 52
0 5 94
0 2 67
0 1 14
1 7 102
0 8 111
1 5 4
1 5 49
1 8 24
1 4 91
1 2 62
1 3 91
1 5 39
1 3 27
1 4 50
0 5 72
1 1 101
0 5 97
1 0 11
1 2 104
1 2 5
0 7 45
0 1 28
1 8 0
0 2 86
1 4 17
1 4 42
1 7 18
1 8 79
0 6 94
1 2 64
1 2 25
1 1 79
0 8 51
1 5 69
1 0 106
0 2 54
0 6 58
0 1 5
1 6 62
0 8 104
0 6 48
0 8 35
1 2 99
0 7 94
1 8 105
0 5 13
0 1 46
0 5 82
1 6 6
1 0 4
0 7 90
0 1 110
0 4 58
1 0 96
1 5 9
0 0 94
1 1 77
1 3 64
0 0 17
0 4 92
1 3 102
0 2 101
1 6 88
1 2 85
0 3 107
1 3 94
0 8 29
1 3 74
0 0 38
1 5 19
0 6 103
1 2 50
0 7 66
1 4 30
1 7 101
0 4 29
1 2 38
0 1 104
0 0 96
0 2 72
1 8 23
1 3 55
0 7 28
0 1 32
1 8 31
0 8 97
1 1 110
1 4 57
0 6 57
1 8 75
0 6 90
1 1 91
1 8 36
1 2 11
1 2 10
0 0 20
0 7 7
1 5 11
1 4 29
0 3 58
0 4 27
1 0 25
1 1 29
1 1 41
1 8 84
1 0 75
0 7 4
0 2 80
0 7 29
1 7 92
1 3 97
1 2 56
1 3 2
1 5 79
1 7 36
1 0 80
0 3 60
1 4 24
0 7 61
0 3 98
0 2 50
0 5 48
0 1 66
0 7 105
1 6 97
1 7 54
0 0 109
0 6 86
0 6 7
0 0 3
0 3 7
1 6 59
0 8 19
0 8 75
1 3 4
0 4 52
0 2 59
0 4 102
1 1 10
1 7 110
0 8 107
1 4 44
1 5 105
1 4 80
0 0 30
1 4 47
0 5 66
1 8 8
1 5 71
0 8 88
0 4 51
0 5 51
1 4 19
0 4 59
1 6 109
0 3 70
1 3 79
1 5 103
0 1 31
1 2 59
0 6 63
1 6 27
1 6 2
1 3 109
0 0 13
1 5 98
1 8 94
0 6 4
0 1 43
1 1 40
1 5 53
1 3 80
1 8 18
1 4 62
0 3 51
0 3 66
1 3 37
0 2 94
0 2 41
1 8 64
0 7 48
1 7 112
1 8 98
0 7 13
1 0 85
1 5 61
1 0 49
0 2 63
1 7 49
1 6 90
0 1 4
0 3 69
0 3 20
1 5 64
1 6 75
0 6 104
1 6 63
1 2 13
1 5 30
1 2 28
0 1 80
0 1 102
0 8 42
0 8 33
1 6 36
0 3 32
1 3 86
1 1 92
1 7 19
0 6 41
0 6 52
0 5 15
0 7 104
1 3 22
0 3 2
0 0 83
0 2 2
0 2 43
0 8 8
0 0 84
1 0 29
0 6 19
1 5 86
0 0 31
0 2 71
0 2 34
1 5 25
