0 1 5
0 1 39
1 7 29
1 6 49
1 2 21
1 1 31
0 2 18
0 5 8
1 7 79
0 8 68
1 3 33
1 0 106
0 8 28
0 6 61
1 8 60
0 6 18
1 4 78
0 1 99
1 8 74
0 5 62
0 8 107
0 2 0
1 6 22
1 1 36
1 3 10
0 3 100
0 3 34
0 7 92
0 8 43
1 0 9
0 4 41
1 4 31
0 8 18
0 6 15
0 2 71
1 8 95
0 4 4
0 2 34
1 5 73
0 4 87
1 3 30
1 6 97
1 5 18
1 2 65
0 8 90
1 3 87
0 6 37
1 2 23
1 7 111
1 8 32
0 8 103
0 0 90
0 7 16
0 5 21
1 1 109
0 6 49
1 0 85
0 6 76
1 4 80
1 3 92
0 5 40
1 3 77
0 1 91
0 7 91
1 2 35
1 8 36
0 6 27
1 6 39
0 3 56
0 6 98
0 7 87
1 8 111
0 8 75
1 3 38
0 7 89
0 5 90
1 0 62
1 5 38
1 1 112
1 0 99
1 3 78
1 3 76
0 0 3
1 1 47
0 8 16
0 4 107
0 5 43
0 2 24
0 0 30
0 1 101
1 7 73
0 1 45
1 6 93
0 1 17
1 2 63
0 7 33
1 6 59
0 8 76
0 8 81
0 1 29
1 8 78
1 0 77
0 0 57
0 1 107
1 3 82
0 3 53
0 5 42
1 8 56
1 3 65
1 2 42
1 6 105
0 4 112
0 6 59
0 2 105
1 3 42
0 2 81
0 3 30
1 8 3
0 4 34
0 5 85
1 5 88
1 1 110
1 8 88
1 7 81
1 4 35
1 3 26
0 7 48
1 6 69
0 0 5
0 5 39
0 3 23
0 3 13
1 3 5
0 0 71
1 4 32
0 2 41
0 7 85
1 4 106
0 2 90
1 1 29
1 8 110
0 7 76
0 0 98
1 4 15
1 2 76
0 5 49
1 6 95
0 8 92
0 4 16
0 2 91
0 7 106
1 1 11
0 0 9
0 6 6
0 7 38
1 3 31
0 4 55
0 8 99
1 8 99
0 3 68
0 5 84
1 4 77
1 4 42
0 7 27
1 8 48
1 6 66
0 4 51
0 1 32
0 6 103
1 5 17
1 0 74
1 7 71
1 5 76
0 1 48
0 3 36
1 8 23
1 0 84
0 5 19
0 0 23
1 8 81
0 0 84
1 5 41
0 2 62
0 3 74
1 5 106
1 7 102
1 8 47
0 7 24
1 0 6
1 7 110
1 3 89
1 6 6
1 5 37
1 6 61
1 3 29
1 7 8
1 0 41
0 5 38
1 5 102
0 2 9
0 5 75
1 5 7
0 4 11
0 4 111
0 4 14
1 0 72
0 4 32
0 3 10
0 8 44
1 5 79
1 6 102
0 2 26
1 6 34
0 3 71
0 3 26
1 5 0
0 4 19
0 7 86
1 1 6
0 3 77
1 6 87
1 1 44
1 0 104
0 1 104
1 2 64
1 5 98
0 1 13
1 8 73
1 6 33
1 4 17
1 7 82
1 2 19
0 8 63
0 4 85
1 4 79
1 3 27
0 8 74
0 1 37
1 4 92
1 5 12
0 3 82
1 8 112
0 5 36
0 4 64
1 3 1
0 6 78
1 7 41
1 8 1
1 2 44
1 6 23
1 8 87
0 7 2
0 4 105
0 1 97
0 2 85
0 8 82
0 0 31
1 7 87
1 8 41
0 8 88
1 7 6
1 1 85
0 2 75
1 0 37
0 3 103
1 1 1
0 4 60
1 2 7
0 5 107
0 2 59
0 5 110
1 2 98
1 1 72
1 2 49
0 0 68
1 4 54
0 1 76
0 6 80
0 6 36
0 6 16
1 2 70
1 8 45
1 0 112
0 0 51
0 8 69
0 7 7
1 6 63
1 1 37
0 0 53
0 8 80
0 1 74
1 3 110
0 3 91
1 3 3
1 6 10
0 5 109
0 7 59
1 8 102
0 3 70
0 7 26
1 1 16
1 1 81
1 7 28
1 6 15
0 1 78
1 0 18
0 0 91
0 0 55
1 5 112
0 3 101
0 6 25
0 4 75
0 7 88
1 5 95
1 1 3
1 2 109
1 6 17
1 7 43
0 3 55
0 1 15
0 7 55
1 5 40
1 4 103
0 2 61
0 7 9
1 4 16
1 3 109
1 7 78
0 5 11
1 3 11
1 0 76
1 1 10
1 3 93
0 0 14
1 5 48
0 0 58
1 4 38
1 5 108
1 5 15
0 7 79
1 0 20
0 3 49
1 6 25
1 0 58
0 1 31
1 8 75
0 1 111
1 2 103
0 7 58
1 3 16
0 8 20
0 6 91
0 2 95
0 7 42
1 7 57
0 0 95
0 7 45
0 0 0
1 1 80
1 2 26
1 6 96
1 0 2
0 2 23
1 5 24
1 4 8
1 8 33
0 3 52
1 4 89
0 2 56
0 6 12
1 1 92
0 1 34
1 1 61
1 4 96
0 7 49
1 1 101
1 8 50
0 5 48
1 7 2
0 8 109
0 5 3
0 3 38
0 6 17
0 8 86
0 3 48
0 2 14
1 6 41
0 6 79
0 1 57
1 7 11
0 4 31
0 3 51
0 5 77
0 6 87
0 2 2
1 5 94
1 7 47
0 6 45
0 4 81
1 4 67
0 4 49
1 6 14
1 4 3
1 2 20
0 1 81
1 4 11
0 3 45
1 4 109
0 4 102
0 1 12
1 2 14
1 2 47
1 2 57
1 5 32
0 7 101
0 0 89
1 8 57
1 5 92
0 4 110
0 5 1
1 7 19
0 4 12
1 2 36
1 1 2
1 7 74
0 2 37
1 5 16
1 5 62
0 8 38
0 2 53
0 8 46
1 8 7
1 8 62
0 2 10
1 2 80
1 6 101
1 0 12
0 3 66
1 2 18
1 4 14
1 2 111
1 8 8
0 6 108
1 2 15
0 1 68
1 5 52
0 2 12
0 0 78
0 5 22
0 8 27
1 8 105
0 7 50
0 3 40
1 5 105
1 0 35
1 3 112
1 8 34
0 3 72
0 1 14
0 8 110
1 2 97
0 2 101
0 8 93
0 6 1
0 6 109
1 6 77
0 7 18
0 4 33
0 1 40
1 7 94
0 2 35
0 3 21
0 7 30
0 2 74
0 7 19
1 4 36
0 4 15
0 4 9
0 4 61
1 3 85
0 3 33
0 4 76
0 4 89
0 5 61
0 4 29
0 2 22
1 1 58
0 0 32
0 4 27
1 4 47
0 0 12
0 5 68
0 1 53
0 6 77
0 3 39
1 2 81
1 7 98
0 5 9
1 3 111
0 3 41
