0 3 92
1 2 80
0 2 29
0 8 99
0 8 38
1 0 69
1 0 16
1 3 91
0 8 88
1 3 40
0 4 58
0 8 62
0 8 77
0 4 34
1 7 106
1 8 82
0 6 70
1 5 21
1 3 103
0 8 27
1 2 96
1 6 4
0 0 91
0 3 1
0 2 9
1 3 48
0 0 66
0 7 76
1 0 55
1 7 108
0 0 20
0 8 94
0 6 78
1 3 92
0 5 25
1 5 11
0 6 111
0 4 11
1 7 20
1 8 104
1 5 79
1 2 108
1 5 26
1 6 15
0 5 102
1 5 62
1 5 67
1 1 73
1 1 111
0 0 49
0 7 11
1 0 94
0 0 68
1 0 23
1 7 67
1 3 87
0 7 18
1 3 41
0 3 101
1 6 37
1 8 62
1 4 84
0 6 75
0 6 1
0 0 67
1 4 57
1 6 103
0 8 73
1 8 93
1 3 70
0 1 107
1 4 59
0 3 18
1 5 17
1 4 64
0 6 27
1 5 75
0 6 39
0 6 59
1 7 32
1 8 38
1 7 58
0 4 32
0 8 112
0 0 10
1 5 47
0 4 16
0 7 70
0 7 69
1 1 50
0 7 85
0 6 30
0 7 67
1 5 74
1 1 60
0 7 62
1 7 95
0 7 25
0 1 29
1 4 92
1 4 48
0 3 20
0 0 17
0 4 111
0 1 95
1 2 21
1 1 57
1 1 69
1 6 2
1 3 1
0 2 89
1 0 1
0 7 77
1 8 105
0 7 89
1 2 68
1 1 66
0 3 24
1 8 11
0 4 78
1 0 67
0 0 25
1 0 100
1 5 43
1 6 97
1 2 87
1 7 60
0 2 14
0 0 79
1 0 59
0 7 71
1 0 41
1 6 87
1 0 86
0 1 27
0 1 22
0 1 31
1 8 99
0 1 10
0 3 93
0 5 9
0 0 27
1 2 25
0 5 94
0 5 68
0 7 6
0 8 52
1 2 98
1 8 101
1 8 14
1 3 61
0 1 105
0 1 106
0 2 73
0 6 14
0 1 1
1 3 100
0 2 4
0 6 0
0 4 18
1 2 24
0 6 88
1 1 28
0 7 75
1 3 28
1 7 107
0 3 89
0 6 62
0 0 6
1 7 8
1 3 107
1 2 23
1 3 59
0 1 87
1 7 62
1 4 103
1 2 48
1 1 81
0 2 64
1 5 105
1 0 68
0 1 20
1 0 87
0 7 36
0 7 82
1 0 106
1 3 102
1 6 88
1 2 81
0 0 55
1 8 40
0 7 94
1 2 28
1 6 54
1 0 28
0 6 28
0 3 36
1 6 111
1 6 57
0 0 3
0 8 65
1 4 45
1 2 13
0 2 56
0 2 108
0 4 74
1 3 76
0 1 78
1 5 35
0 1 62
1 3 32
1 1 38
1 8 57
1 3 84
1 7 59
1 0 90
1 4 70
1 5 52
0 1 65
0 0 24
1 2 70
0 0 44
1 7 49
1 5 30
0 8 110
1 0 75
1 2 31
1 6 35
0 4 29
1 0 9
0 7 39
1 6 92
0 6 79
0 3 68
0 7 95
1 7 17
0 1 25
0 2 100
0 2 37
1 2 10
0 5 51
1 8 87
0 3 45
0 2 103
0 5 11
0 8 2
1 1 35
0 6 56
1 3 8
1 5 34
1 1 1
1 3 56
0 1 11
1 1 83
1 1 6
0 6 90
1 1 34
1 7 79
1 7 75
1 0 102
1 5 98
0 2 63
0 4 101
0 5 27
1 6 43
0 8 80
0 7 68
0 2 74
0 1 7
0 4 110
1 0 56
1 7 65
0 3 44
0 3 65
0 2 104
