0 1 55
0 2 65
0 6 60
1 3 78
0 3 4
0 8 77
1 6 95
0 6 53
1 0 17
0 1 2
1 1 46
1 8 59
1 6 76
1 5 98
1 2 54
0 5 95
1 6 85
1 8 106
0 5 27
1 0 108
1 7 109
1 2 100
1 3 21
1 8 23
0 1 79
1 8 46
1 0 105
1 2 61
1 0 58
1 2 1
0 2 57
0 1 64
0 2 70
0 1 24
1 8 107
0 7 99
0 8 67
0 4 100
0 4 31
1 5 89
1 0 48
1 6 69
1 6 89
0 2 64
0 3 100
0 6 3
1 5 100
0 2 26
1 8 96
0 2 7
1 2 85
1 3 84
0 0 8
1 4 88
1 2 112
1 6 47
1 4 52
0 8 0
0 6 72
0 0 93
1 1 64
1 8 28
1 7 63
0 5 112
0 5 94
0 2 99
0 7 10
1 5 103
0 8 34
0 4 38
0 3 105
1 7 35
1 3 26
1 6 45
0 0 43
0 2 106
1 2 9
1 4 80
1 7 111
0 3 84
1 3 6
1 7 52
0 2 96
0 5 18
0 7 18
0 3 87
0 7 55
1 6 71
1 4 22
1 7 101
0 1 46
1 7 43
1 8 103
1 2 72
1 1 62
1 1 39
0 4 94
1 7 27
1 5 30
0 3 33
0 5 65
1 5 6
0 5 109
0 3 62
0 0 15
1 5 18
0 1 50
0 6 103
0 5 48
1 5 85
0 6 88
1 0 47
1 7 16
0 5 82
0 1 21
0 8 86
0 2 9
1 0 72
0 6 6
0 5 45
0 5 72
0 5 110
0 1 104
0 1 28
0 1 60
1 0 44
0 7 4
1 7 25
1 0 31
1 7 44
0 2 97
0 8 21
1 1 56
0 8 62
1 8 3
0 4 106
0 0 49
1 2 108
1 0 40
1 5 111
0 4 66
0 6 54
1 0 29
1 2 2
0 7 90
1 1 49
1 5 108
1 0 61
0 8 108
1 7 94
0 6 18
0 6 87
1 1 105
0 0 19
1 0 92
0 8 93
0 4 56
0 3 109
1 5 88
1 1 73
0 5 86
0 1 70
1 4 72
0 7 38
0 5 92
0 2 10
0 8 10
1 2 35
0 8 80
1 6 94
1 5 81
1 8 53
1 0 98
0 3 25
1 5 60
1 0 78
1 6 35
0 8 32
1 7 34
0 0 67
0 3 98
0 3 110
1 7 3
0 0 103
0 2 54
0 8 72
1 2 45
0 0 56
1 6 68
0 2 32
1 1 20
0 7 23
0 1 67
0 5 79
1 6 30
1 8 42
1 4 111
0 3 45
1 5 46
1 1 71
1 4 96
0 4 62
1 7 59
0 7 104
1 7 23
1 6 7
1 2 92
0 1 75
1 7 7
1 4 0
0 6 66
1 2 94
0 7 68
1 7 12
0 2 71
1 1 107
0 3 27
1 8 18
1 2 18
0 5 44
1 7 19
1 7 64
0 4 12
1 4 48
0 7 70
1 3 81
0 3 69
1 7 56
0 2 16
0 7 29
1 8 54
0 2 36
1 4 64
1 7 21
0 3 17
0 2 24
1 5 26
0 1 23
0 3 14
0 0 57
1 1 28
0 3 10
1 4 57
0 5 42
1 0 2
0 6 4
0 6 100
1 6 20
1 5 62
0 5 102
0 3 82
1 1 98
0 4 84
0 7 32
0 4 99
1 6 10
0 8 105
1 7 82
1 8 92
0 2 66
1 1 68
1 6 42
0 6 8
1 4 89
0 2 83
0 6 12
1 8 97
0 8 71
1 6 37
0 0 6
0 4 35
1 3 37
0 6 31
0 6 67
0 0 36
0 5 31
1 4 79
1 0 10
1 1 31
1 8 5
0 8 48
1 1 8
1 6 99
1 7 112
1 8 33
1 0 57
0 3 51
0 8 64
1 7 53
1 4 60
1 8 93
0 2 59
0 7 103
0 5 88
0 1 95
1 7 105
0 0 26
0 5 106
1 1 17
0 8 31
0 0 65
0 4 59
0 2 49
0 5 66
1 8 77
0 8 75
0 6 101
0 1 45
0 0 37
0 4 3
0 5 63
0 8 33
1 4 24
1 5 41
0 8 20
1 2 29
1 0 24
0 0 98
0 0 92
1 3 94
0 0 3
1 3 77
1 7 104
1 0 104
0 2 72
1 1 9
1 5 86
0 7 100
0 5 47
1 4 1
0 8 23
1 2 76
0 6 26
1 7 40
1 0 34
0 8 11
0 5 76
0 0 73
1 5 61
1 7 78
1 6 18
0 2 37
0 7 34
1 1 59
1 5 93
0 0 106
1 7 89
1 8 20
1 8 35
0 8 74
1 1 32
0 1 110
1 3 34
0 1 5
1 8 78
0 5 25
0 5 0
1 3 93
1 8 68
1 7 76
0 5 53
1 1 33
0 5 26
0 0 52
1 0 83
0 3 78
1 0 60
0 6 44
0 6 51
1 5 8
0 7 35
0 6 30
1 0 28
0 6 108
0 1 82
0 6 49
1 7 29
0 5 33
0 7 16
0 2 93
0 8 57
1 3 83
0 1 69
0 3 5
0 8 54
1 3 68
1 8 108
1 7 4
0 4 60
0 5 78
0 5 34
1 6 111
0 2 21
0 4 26
1 7 73
1 4 33
1 7 99
1 3 56
1 1 5
1 6 12
1 8 38
0 8 42
1 5 67
1 3 20
1 8 40
1 6 32
1 4 4
1 8 48
0 1 41
0 7 24
0 1 72
0 4 37
1 8 12
1 8 7
1 5 84
1 1 13
1 8 75
1 0 7
1 0 67
1 3 58
0 1 53
0 7 81
1 4 54
0 8 69
1 6 109
