1 3 110
1 5 90
0 8 68
1 8 11
0 7 73
0 5 46
1 8 95
1 7 100
0 4 19
0 1 36
1 3 9
1 0 41
1 5 108
0 5 25
1 7 86
0 7 55
1 4 38
1 6 72
1 5 70
0 8 82
0 2 82
1 3 86
0 8 97
1 0 61
0 0 1
0 2 85
1 0 92
0 0 30
0 3 90
1 0 45
0 3 6
1 6 55
0 7 35
0 5 69
0 5 103
0 4 70
1 3 72
1 4 80
1 0 106
0 0 89
1 7 21
1 3 42
0 6 91
1 3 25
0 4 105
1 1 61
0 6 61
0 6 24
1 4 13
1 7 1
0 3 48
0 2 17
1 2 91
1 3 23
0 6 47
1 5 67
1 0 54
1 8 46
1 5 4
1 0 87
0 6 66
0 7 103
1 3 15
0 7 80
1 5 64
1 3 37
0 0 70
1 2 107
1 7 44
0 8 79
0 1 7
0 3 55
0 5 7
0 2 89
1 5 15
0 7 72
0 1 59
0 5 86
1 7 48
1 0 108
0 2 31
1 0 31
1 1 33
1 2 59
1 6 28
0 6 7
0 4 52
1 4 79
0 4 101
0 3 92
0 5 5
0 7 50
1 5 14
0 7 84
1 8 90
1 3 77
0 3 99
0 8 45
0 8 65
0 7 97
0 6 4
1 1 11
0 7 51
1 6 10
0 0 107
0 5 107
1 6 89
1 6 1
0 6 34
0 6 17
0 2 44
0 5 32
0 6 5
0 3 4
1 1 72
0 2 11
0 6 54
1 4 28
0 8 101
1 2 72
0 4 45
1 8 25
1 2 20
0 5 106
1 4 19
1 3 69
1 3 10
0 2 0
0 8 96
1 0 49
0 3 88
1 5 105
0 6 28
0 1 95
1 6 74
1 1 64
1 5 34
1 6 97
1 5 71
1 8 22
1 5 68
0 3 2
0 6 37
0 4 3
0 1 33
0 7 68
0 1 8
0 4 66
1 0 66
0 6 12
1 8 28
0 6 13
1 2 82
0 0 11
1 2 104
1 2 24
1 8 112
0 2 3
1 0 69
1 4 77
1 3 98
0 1 65
0 6 57
1 8 44
1 4 89
1 0 99
0 1 57
0 1 34
0 2 92
0 1 11
0 4 86
0 5 66
0 3 110
0 7 38
0 4 16
1 5 60
0 2 107
0 6 110
1 2 7
1 6 52
1 4 32
1 3 64
1 5 6
0 7 93
0 1 10
1 8 72
1 8 56
1 7 23
0 0 42
1 1 99
0 7 24
1 8 110
0 8 54
0 2 41
1 8 75
1 0 74
1 6 82
0 7 78
0 7 58
1 6 99
1 0 83
0 2 70
1 3 39
0 3 30
1 2 65
0 5 85
1 5 74
0 6 31
0 0 68
0 2 20
1 3 7
1 0 102
0 3 85
0 3 41
0 8 63
0 4 40
0 4 35
1 8 106
0 5 50
1 8 7
1 4 75
1 0 35
0 6 76
0 8 104
1 6 73
0 1 50
0 6 3
0 0 4
0 8 103
0 4 59
0 3 77
0 8 98
1 8 40
1 3 55
1 2 87
1 3 100
1 7 9
1 6 102
0 2 112
0 0 24
0 3 56
0 4 31
0 0 5
0 3 17
0 5 79
0 0 95
0 1 93
1 6 86
1 3 38
1 5 89
0 1 58
0 1 5
1 8 35
0 5 99
1 6 15
0 0 60
0 5 63
0 3 63
1 8 24
1 5 36
0 3 18
1 3 27
0 7 20
0 3 106
1 5 10
0 6 72
0 2 57
1 2 100
1 4 81
0 7 23
0 7 88
0 5 73
1 8 0
0 2 88
1 7 76
1 6 20
0 3 34
0 8 28
1 6 75
0 7 0
1 7 98
0 1 43
0 7 4
0 0 82
0 6 111
0 7 32
0 1 21
1 3 103
0 7 26
1 5 30
0 2 54
0 0 50
1 8 109
0 2 80
1 7 105
1 2 32
0 1 46
0 8 35
1 2 63
1 3 109
0 1 112
1 6 92
1 7 75
0 6 99
0 1 109
1 5 106
0 8 36
1 4 110
0 1 0
0 4 64
1 3 48
1 8 49
0 2 24
0 7 25
1 5 37
0 7 43
0 2 63
0 4 21
0 4 69
0 2 39
1 6 24
0 0 0
1 7 64
1 4 30
0 6 41
1 4 27
0 5 77
0 6 15
0 5 62
1 5 52
0 1 83
0 3 38
1 8 73
1 4 31
0 1 15
1 5 13
0 5 1
0 6 40
1 0 20
0 0 39
0 5 94
0 2 72
1 6 57
0 7 85
1 1 77
1 6 88
1 8 89
1 4 25
0 4 14
0 6 98
1 8 76
0 5 111
1 5 86
1 3 45
0 0 101
1 8 102
1 8 14
1 2 58
0 6 64
1 5 17
1 2 78
0 5 38
1 5 45
0 2 86
1 1 104
1 4 103
0 4 93
1 6 39
1 5 54
0 2 25
0 6 83
1 7 106
0 4 28
0 8 108
1 0 12
0 4 65
0 7 101
0 0 105
1 3 99
0 7 92
1 7 51
0 7 70
0 2 98
0 4 37
1 8 58
1 2 105
1 7 73
1 1 58
0 2 28
0 4 39
1 8 43
1 5 82
0 0 59
1 4 20
1 4 3
0 2 15
0 3 109
1 5 83
1 7 12
1 1 109
0 6 62
1 3 107
1 0 43
0 3 97
0 2 35
1 5 63
1 8 36
1 5 48
0 5 35
1 5 61
0 3 102
0 4 83
1 7 46
0 3 105
0 0 91
0 2 62
1 2 47
1 7 50
0 7 40
0 5 98
1 1 59
0 5 54
0 3 80
1 5 39
1 6 32
1 7 45
1 6 77
1 5 40
1 7 58
0 6 108
0 7 7
1 7 71
0 6 79
0 6 107
1 3 14
0 0 54
1 1 62
1 3 61
0 6 104
1 0 17
0 5 89
1 4 97
1 2 106
1 7 69
1 5 75
0 6 70
1 5 110
1 1 32
0 4 102
1 3 21
1 1 38
0 2 59
0 2 45
1 4 59
1 5 46
0 4 79
0 7 13
0 1 60
0 0 15
0 7 36
0 0 63
1 1 93
0 3 73
0 6 56
0 7 33
1 6 21
1 4 111
0 7 44
0 4 48
1 6 44
1 1 103
1 2 52
0 6 1
1 3 96
0 0 9
1 2 97
0 8 0
1 4 54
1 2 69
1 2 67
0 1 98
0 0 81
0 7 62
0 1 13
0 1 27
1 4 36
0 5 26
0 5 100
1 3 87
1 0 53
1 1 6
0 7 14
0 4 80
1 6 9
0 2 56
1 7 96
0 3 5
1 2 1
0 6 69
1 6 67
1 4 57
1 3 33
1 0 33
0 4 6
1 4 107
1 4 61
1 4 99
0 6 0
1 0 4
0 0 57
1 3 73
0 1 37
1 1 0
0 0 103
1 0 80
1 4 11
1 5 3
1 3 60
1 0 103
0 2 79
0 0 29
1 8 37
0 6 26
1 7 103
1 1 96
0 7 106
1 4 109
1 5 2
1 7 13
0 2 12
1 1 41
1 8 33
0 7 5
0 2 67
1 2 0
0 1 31
0 3 60
1 1 18
1 2 57
1 0 57
0 5 12
0 3 29
0 7 82
1 2 93
1 6 17
1 2 44
1 6 43
0 3 72
0 4 41
0 4 51
1 4 40
1 6 11
1 8 105
1 7 35
0 0 27
1 1 78
0 4 2
1 6 69
1 3 24
0 4 77
1 6 27
1 8 8
1 5 56
1 8 79
1 6 45
1 6 8
0 0 109
1 3 93
0 0 77
0 2 106
1 1 57
0 0 14
0 1 66
1 3 36
1 3 111
0 3 98
0 0 40
0 1 14
0 2 36
0 5 64
0 5 43
0 0 94
1 4 8
1 6 36
0 0 10
0 5 9
0 1 69
1 6 4
1 5 18
0 2 13
0 8 75
0 6 102
1 1 16
1 3 56
0 4 46
0 2 105
1 5 80
1 5 73
0 3 33
0 4 76
1 4 73
0 3 87
1 3 59
0 7 94
0 4 8
1 8 108
1 0 75
0 3 1
0 5 6
0 1 81
0 1 80
1 7 52
0 4 49
0 1 20
1 3 40
1 8 32
1 0 46
0 8 64
1 5 21
0 7 98
1 8 18
0 2 32
1 0 101
1 2 108
1 8 107
1 7 31
0 7 83
1 8 2
1 2 84
1 1 100
1 1 112
0 0 55
0 7 49
1 4 85
1 6 85
0 3 91
1 7 39
1 3 85
1 0 16
0 3 14
1 2 31
0 8 7
1 4 93
1 8 101
1 4 55
0 0 62
1 3 3
0 6 85
0 7 11
1 5 1
0 3 42
1 8 13
0 2 83
1 4 49
0 7 91
1 7 36
0 4 82
0 6 90
0 2 55
1 1 35
0 0 92
0 7 65
1 6 76
1 7 107
0 1 92
0 2 50
1 2 13
0 2 9
0 8 67
0 2 23
1 1 4
1 7 68
0 2 22
1 4 14
0 7 66
1 6 40
1 1 67
1 1 56
0 6 53
0 0 64
1 8 96
0 1 84
1 1 14
1 4 39
1 0 8
1 1 92
0 8 47
1 2 111
0 5 75
1 1 1
1 2 45
1 0 40
1 0 22
1 4 68
0 7 75
1 0 98
1 3 76
1 4 22
0 4 47
1 8 70
1 1 34
1 0 86
0 6 82
0 2 46
0 8 10
0 0 97
0 4 67
0 1 75
1 2 102
0 8 62
1 3 82
1 4 106
0 4 50
0 5 2
1 7 111
0 8 61
1 1 15
1 8 63
0 5 10
1 0 37
1 7 102
1 6 81
1 1 31
0 8 6
0 2 42
1 2 109
1 1 88
0 0 52
1 5 23
0 8 15
1 3 30
0 7 100
0 3 54
1 6 25
0 0 51
0 8 99
1 6 42
1 1 47
1 8 38
0 4 90
0 2 34
1 5 7
0 8 27
1 5 31
0 1 12
1 5 25
0 5 78
0 1 56
1 6 105
0 5 13
0 6 73
0 0 2
0 2 111
1 0 15
1 4 0
1 0 59
1 1 21
1 5 51
1 4 84
0 0 58
0 3 107
1 0 65
0 8 78
0 1 24
0 1 52
1 6 35
1 7 57
1 1 30
0 4 87
1 2 61
1 6 14
0 8 30
0 7 89
0 8 85
0 0 28
0 5 45
1 7 4
0 4 15
1 0 0
0 6 18
0 3 64
1 3 31
0 6 60
0 1 110
1 4 6
0 4 17
1 4 46
1 7 24
1 6 5
0 3 7
1 2 46
0 4 85
1 7 40
1 4 101
0 2 91
1 0 29
0 2 60
1 8 64
1 3 65
1 7 82
