1 2 98
1 7 57
1 5 18
1 5 19
0 0 24
0 4 44
1 3 5
0 2 3
0 1 77
1 4 63
1 8 83
1 4 112
0 6 43
1 1 63
0 2 63
1 4 97
1 6 14
0 2 35
0 5 90
0 2 58
1 2 75
0 2 61
1 2 39
1 1 6
0 5 30
0 1 17
0 8 81
1 6 51
0 5 26
0 5 47
0 0 27
0 2 99
0 4 45
1 8 30
0 7 43
1 0 87
1 8 6
0 6 80
0 8 54
0 2 40
1 5 86
1 6 17
1 8 105
1 0 92
0 6 59
1 1 28
0 4 105
0 5 104
0 1 99
1 8 28
1 8 73
0 6 40
1 8 47
0 2 108
1 6 33
0 2 57
1 5 35
1 3 2
0 1 0
1 3 52
0 8 73
1 8 56
0 7 32
0 3 31
0 3 89
0 4 66
1 5 75
1 5 89
0 7 35
0 4 73
0 0 56
0 5 106
1 2 94
0 2 9
1 1 14
1 7 17
0 8 44
1 6 80
0 3 3
0 2 18
0 8 39
1 2 20
1 7 1
0 3 20
1 1 73
0 0 80
1 4 84
1 5 6
1 0 75
1 3 57
0 8 103
0 1 74
1 1 4
1 6 46
0 1 103
0 5 29
0 4 4
0 6 95
0 0 44
0 4 8
