0 1 26
1 7 10
0 6 49
1 7 63
0 7 88
1 1 79
0 2 110
0 7 55
1 3 67
0 2 18
1 8 4
1 2 59
0 4 51
1 4 13
0 0 108
0 2 27
0 4 102
1 4 8
1 6 48
0 8 85
0 2 89
1 7 45
1 4 22
0 5 54
1 3 28
1 8 100
1 1 58
1 3 58
0 2 31
1 0 51
1 4 112
0 5 7
1 0 93
0 6 64
0 7 104
0 5 75
1 3 40
1 4 110
1 6 1
0 4 112
1 7 8
1 4 25
1 6 4
1 6 93
0 0 73
0 6 67
1 6 79
0 7 98
1 8 27
1 8 21
1 8 35
0 8 54
1 4 107
1 7 104
0 6 107
0 0 16
0 6 43
0 4 97
0 2 84
1 7 42
1 1 75
0 0 60
1 2 98
0 3 12
1 0 27
0 5 34
0 0 48
1 6 28
0 6 76
1 2 89
1 1 74
1 2 45
1 1 70
0 5 12
0 1 28
0 6 84
0 3 59
0 4 78
0 3 49
1 3 112
0 1 95
0 6 97
1 0 111
0 7 1
1 6 25
0 3 106
1 0 23
1 1 90
0 8 61
1 0 83
1 6 6
0 8 3
1 6 34
1 3 16
1 7 81
0 6 98
1 2 93
0 6 3
0 4 72
1 0 39
1 5 98
0 0 96
1 7 64
1 0 86
1 0 47
1 8 80
1 5 51
0 0 11
1 6 30
0 6 44
0 5 52
0 2 36
0 0 78
0 1 62
0 3 110
0 0 112
0 8 76
1 4 1
0 8 91
1 6 68
1 3 6
1 1 26
1 0 10
1 7 96
1 3 92
0 8 55
1 7 90
1 0 65
1 3 80
0 2 102
1 8 51
1 3 31
1 0 11
1 7 22
0 5 58
0 0 33
0 8 96
0 4 15
1 7 56
0 3 29
0 5 100
1 6 62
1 1 108
1 6 64
1 4 50
1 6 57
1 5 39
0 0 111
0 2 17
1 3 52
0 2 109
1 3 78
1 3 97
0 8 21
1 5 63
1 8 37
1 8 33
0 2 10
1 4 32
1 5 82
0 1 104
1 7 2
0 3 21
0 8 87
0 1 102
0 5 18
0 2 88
1 5 53
0 4 56
0 3 26
0 3 105
0 8 62
0 4 57
1 5 68
0 2 63
0 0 76
0 2 52
0 5 30
0 5 82
0 7 8
0 7 90
1 4 73
0 4 48
1 2 42
1 4 96
0 2 29
0 0 92
1 1 61
0 0 90
0 2 26
0 3 79
0 3 33
0 5 8
1 6 90
1 7 26
1 3 70
1 3 75
0 1 78
0 3 32
1 1 47
