1 7 19
1 0 51
1 2 51
1 0 81
0 0 16
1 5 54
1 4 56
0 6 51
0 1 108
0 3 17
1 7 0
0 6 25
1 5 45
1 7 35
0 1 49
0 7 97
1 4 68
1 6 96
1 3 88
0 3 54
1 7 66
1 5 46
1 1 27
1 7 38
0 6 110
0 0 5
0 0 31
0 2 60
0 7 31
1 0 13
1 7 14
1 1 52
1 7 49
1 0 65
1 0 60
1 2 41
0 1 63
1 3 61
0 0 88
1 4 17
1 6 75
1 6 53
1 8 82
1 3 85
1 0 34
1 7 10
0 8 82
0 8 6
1 5 90
0 0 41
0 6 37
0 5 4
0 4 90
1 6 91
1 5 12
0 2 70
0 3 69
0 5 69
0 0 95
1 2 30
1 4 9
0 4 69
1 2 49
1 6 112
1 8 91
0 4 27
1 5 39
1 5 16
1 1 14
0 2 61
1 1 30
1 0 15
0 6 38
0 1 59
0 3 37
0 4 101
1 2 107
1 2 88
1 4 81
0 0 68
1 8 9
1 2 31
1 4 104
0 1 50
0 7 48
1 4 55
0 5 7
0 2 1
0 1 15
1 6 67
1 6 6
1 3 49
1 4 107
0 5 90
0 1 6
0 8 20
1 1 41
0 2 56
0 1 72
0 4 110
0 1 5
0 5 11
0 8 4
1 7 83
0 2 15
1 4 82
0 3 36
1 7 58
1 5 22
0 7 70
1 3 52
0 1 40
1 4 15
1 0 42
1 7 11
1 3 39
0 2 9
1 7 90
1 3 78
1 7 79
1 7 39
0 5 25
1 2 80
0 7 34
1 5 64
0 4 47
0 4 100
1 3 105
1 5 59
0 1 53
0 1 94
1 8 22
1 7 2
0 2 69
0 3 57
0 6 85
0 1 82
1 6 88
1 0 6
1 7 96
1 0 58
1 8 61
1 1 103
1 8 88
0 2 90
0 3 66
0 3 85
0 7 66
0 8 63
1 4 10
1 1 39
1 8 108
1 4 34
1 3 83
1 5 93
1 7 43
0 1 13
1 1 80
1 6 63
1 0 57
0 5 67
0 3 97
1 2 111
0 4 5
0 7 62
0 1 29
0 0 93
1 1 107
1 8 87
1 4 8
1 8 13
1 5 111
0 2 87
0 2 31
1 3 16
1 0 3
1 3 63
1 1 34
1 8 94
0 0 26
1 7 87
1 3 47
1 5 53
1 5 74
1 5 76
1 2 5
1 0 75
1 7 37
0 3 75
0 2 4
0 3 61
1 4 51
0 3 83
1 7 108
0 4 42
0 6 75
0 0 105
1 7 89
0 0 29
1 0 83
0 7 21
0 4 76
0 8 69
0 8 72
1 6 71
0 2 16
0 5 40
0 5 17
1 1 72
0 0 65
0 4 36
1 1 38
1 3 32
1 0 104
0 3 28
0 4 10
0 5 5
0 4 24
1 6 58
1 1 62
1 2 71
1 3 57
1 3 14
0 3 98
1 2 34
0 8 73
1 7 71
1 3 102
1 1 66
0 2 40
0 4 29
0 3 74
1 3 37
0 3 48
0 8 34
1 7 12
1 0 47
1 4 83
1 3 34
1 7 59
0 8 55
0 3 19
0 8 41
0 5 44
0 8 87
1 6 78
1 4 101
0 4 94
0 4 99
1 5 17
0 3 26
1 7 60
0 0 9
0 5 68
1 3 0
1 0 4
1 4 43
0 5 32
0 5 37
0 2 88
0 8 7
1 8 45
1 3 110
1 4 112
1 4 38
0 1 19
0 4 0
0 7 38
1 2 18
0 7 46
1 5 9
1 3 2
1 3 51
1 7 104
1 1 70
0 0 111
0 4 17
0 0 44
1 1 59
0 6 93
1 7 61
0 8 26
0 5 78
0 8 19
1 6 70
0 8 2
1 2 32
0 7 95
1 6 87
1 2 2
0 0 104
0 4 75
1 2 46
1 2 65
1 5 27
0 6 47
1 6 48
1 4 33
1 8 70
1 8 44
1 1 75
1 4 11
0 8 10
1 4 4
0 7 22
0 2 109
1 3 9
1 3 74
1 8 3
0 8 60
0 4 66
1 3 93
1 7 45
1 2 91
1 4 62
0 5 39
0 5 95
1 6 92
0 0 96
0 6 33
1 8 89
0 0 49
0 7 81
0 7 98
1 5 40
0 0 56
1 1 10
0 7 89
0 6 70
1 6 77
0 6 0
1 7 80
0 1 103
0 4 18
0 6 66
0 4 26
0 7 71
1 8 32
1 7 23
0 1 75
0 2 47
1 2 59
0 3 99
0 2 80
1 6 89
1 8 57
0 1 14
1 7 51
1 4 88
1 7 40
0 4 68
0 5 55
1 8 97
1 0 39
0 4 55
1 8 48
1 8 74
0 1 99
0 0 97
0 4 95
1 5 26
1 3 56
0 7 32
0 8 47
0 2 19
0 8 23
0 3 82
0 0 7
1 1 32
0 1 4
0 6 13
1 7 27
1 1 28
1 8 65
0 0 66
0 1 51
0 0 62
1 5 109
1 5 103
0 7 74
0 2 98
1 1 109
0 1 43
1 4 87
1 6 97
0 8 66
0 5 81
0 7 45
1 5 95
0 0 63
0 0 84
0 2 86
0 1 101
1 4 84
0 6 68
1 7 53
1 6 62
1 2 100
1 0 67
1 0 31
0 8 77
1 4 85
1 8 33
0 6 36
0 0 8
0 7 103
0 6 3
1 2 3
1 3 103
1 7 110
1 0 68
0 0 76
1 4 60
0 8 16
0 3 14
1 6 0
0 4 35
0 3 53
0 4 49
1 6 65
0 7 87
0 2 79
1 4 89
0 7 10
0 2 107
0 5 91
0 2 37
0 8 76
1 5 97
1 2 33
1 4 94
0 3 78
1 2 9
1 6 42
0 6 79
0 4 102
1 7 52
0 0 107
0 8 68
0 0 71
0 3 106
0 0 77
0 4 11
0 8 59
0 5 59
1 3 53
1 8 23
1 6 73
0 6 99
1 3 90
1 4 39
0 8 29
1 2 38
1 3 104
1 3 111
1 8 62
1 5 7
0 6 50
0 6 18
1 0 62
0 8 28
0 5 16
0 6 80
1 7 91
0 2 30
1 4 109
1 3 19
1 6 33
0 2 75
0 6 53
0 3 46
1 5 110
0 7 43
0 2 25
1 1 93
0 8 53
1 0 1
1 8 20
1 8 21
1 0 106
0 3 3
0 8 71
0 2 84
0 0 91
1 3 46
0 8 102
1 0 54
0 5 46
1 1 25
1 8 10
0 7 25
1 8 112
0 4 64
0 6 48
0 7 9
0 5 61
0 0 100
0 4 65
0 2 63
0 0 38
0 4 67
1 7 64
0 5 82
0 0 48
0 1 79
1 0 85
0 4 52
0 4 54
1 6 107
0 7 85
1 4 52
1 2 24
1 8 58
1 4 24
1 5 91
1 5 80
0 2 76
1 4 78
1 5 58
1 7 95
0 6 4
0 8 30
1 6 49
1 5 43
0 2 71
0 8 54
1 0 78
0 5 49
0 1 54
1 1 101
1 3 35
0 1 28
1 7 81
0 2 89
1 5 5
0 0 35
1 0 44
0 3 10
0 8 14
0 3 42
1 1 104
1 0 19
1 7 106
0 3 91
0 2 106
0 8 62
1 6 66
1 8 53
1 5 78
0 2 12
1 5 105
1 2 45
1 2 95
0 4 53
0 6 35
0 1 18
1 3 15
1 0 40
0 8 52
1 1 60
1 0 74
0 6 96
0 0 81
1 1 61
1 8 34
0 5 99
0 2 7
0 1 42
0 0 12
0 6 74
0 6 81
1 3 45
0 4 45
0 7 112
1 0 112
0 8 106
1 1 0
0 7 40
0 2 14
1 2 40
0 4 71
0 2 23
1 2 82
1 6 5
1 5 96
0 7 96
0 5 71
1 2 15
1 0 41
0 4 6
1 4 70
0 1 81
1 5 75
0 6 62
0 7 5
1 7 82
0 5 104
1 4 21
1 5 3
1 2 79
1 2 52
1 1 45
1 3 3
1 5 79
1 0 45
0 7 20
1 6 36
0 4 112
0 4 85
1 1 21
1 4 27
0 3 43
0 0 47
1 1 44
1 1 111
0 4 39
1 6 20
1 6 14
1 5 104
0 8 5
0 8 112
0 3 107
1 3 106
0 3 52
1 4 80
0 2 65
1 4 30
0 0 53
0 2 2
1 5 8
0 6 26
0 3 49
1 5 47
1 4 22
1 4 106
1 3 30
1 8 49
1 6 27
1 0 97
1 6 43
0 1 85
0 2 99
0 1 78
1 0 59
1 3 84
1 6 106
0 6 46
1 2 6
1 4 61
0 6 7
0 3 89
1 4 18
1 0 38
1 0 37
1 0 80
0 4 87
0 7 75
0 5 50
0 0 51
1 1 15
0 6 78
1 7 30
1 1 17
1 5 84
1 8 55
0 0 106
0 5 109
1 1 22
0 4 9
1 6 57
0 2 24
1 2 75
1 7 97
0 6 16
0 2 39
0 0 45
0 3 111
0 4 89
0 1 92
1 3 41
1 6 95
0 6 71
1 2 53
0 2 54
1 8 25
0 8 85
0 4 31
0 8 31
1 8 11
0 6 15
1 3 33
1 3 95
0 7 6
1 7 102
1 8 5
0 8 50
0 0 28
0 3 18
0 7 76
0 3 21
0 6 14
0 2 104
0 3 40
1 4 29
1 8 104
0 5 34
1 4 102
1 3 66
1 7 76
0 8 81
1 6 80
0 1 109
1 7 55
0 8 37
1 1 102
0 8 99
1 6 105
1 4 99
1 5 36
1 0 82
0 2 111
0 0 15
1 5 31
1 0 29
0 6 49
1 8 0
1 5 106
1 0 14
0 0 59
1 5 68
1 2 108
0 2 73
0 5 6
0 7 12
1 2 104
1 6 50
0 1 105
1 3 55
0 3 56
1 3 82
0 2 10
1 7 26
1 2 102
1 0 84
1 3 96
1 3 75
0 2 35
0 6 82
0 4 1
0 8 0
0 8 13
0 4 88
1 7 92
1 0 88
1 0 7
0 2 28
0 8 21
0 1 35
0 0 78
0 6 60
1 5 57
0 6 28
1 0 2
0 7 2
1 8 27
1 3 23
1 5 24
1 7 69
1 1 69
0 1 56
1 2 94
1 1 1
0 7 58
0 8 35
0 1 64
1 0 23
1 5 82
0 8 44
0 8 18
0 8 86
1 4 98
0 0 2
1 6 79
0 0 90
0 2 41
0 0 34
0 7 33
1 8 6
1 8 67
1 7 73
1 0 99
1 1 74
0 0 37
1 1 83
0 4 63
1 6 54
0 8 92
1 2 43
0 3 22
1 2 1
1 3 80
0 5 64
0 6 89
0 2 59
1 7 44
1 0 27
1 0 61
0 1 93
1 7 99
0 8 40
1 5 15
1 4 58
1 2 13
1 6 15
0 3 105
0 8 96
0 8 98
0 5 85
0 8 22
0 6 57
1 1 54
0 6 102
1 4 63
0 8 24
1 0 89
0 1 31
0 5 35
1 2 70
0 4 57
1 0 76
0 1 87
1 2 19
1 0 9
1 7 8
1 2 85
1 2 97
0 6 8
0 0 67
0 7 91
1 0 22
0 6 88
0 4 4
1 2 50
1 2 112
1 0 96
0 5 2
0 8 107
0 4 15
1 8 75
0 5 31
1 2 12
1 4 2
1 7 112
1 5 25
0 5 94
1 4 41
1 1 33
0 7 83
1 1 56
1 1 2
1 3 92
0 5 76
1 0 5
0 4 28
0 1 11
0 4 41
0 4 72
1 6 52
0 7 36
0 8 33
0 3 27
1 4 19
0 7 56
1 0 111
0 7 68
0 5 54
1 5 32
1 2 64
0 7 11
1 3 68
1 1 79
1 5 102
0 5 79
0 0 69
1 2 72
1 5 42
0 3 38
0 6 23
1 6 9
0 7 57
0 6 95
1 4 74
0 4 7
0 7 54
1 8 107
0 3 60
1 1 49
1 4 36
0 4 58
0 5 57
0 8 61
1 4 44
0 8 45
1 2 87
1 8 42
0 8 27
0 3 62
0 7 37
1 7 56
0 7 3
0 2 105
1 4 47
0 6 6
1 4 73
1 2 14
1 2 62
0 8 32
1 0 24
1 4 111
0 2 34
1 8 66
0 8 58
1 1 11
1 2 47
1 2 28
1 3 97
0 0 10
1 3 101
1 2 16
0 1 23
1 2 89
1 0 100
1 3 36
1 6 82
0 7 16
1 7 15
0 1 112
1 7 47
1 0 79
1 7 22
1 1 18
0 8 100
1 6 32
1 1 57
0 5 21
1 1 24
1 6 39
1 0 53
0 2 96
1 0 8
1 2 90
0 4 20
0 8 17
0 1 98
1 5 19
0 5 38
1 2 83
0 0 21
1 3 26
0 2 92
1 3 60
1 6 69
0 3 73
1 4 110
1 3 81
1 8 12
0 0 30
1 5 33
0 2 5
0 1 17
0 3 67
0 8 67
0 3 1
0 1 66
1 8 2
1 2 7
0 5 48
0 4 82
0 3 79
0 6 39
1 1 73
0 1 30
1 3 5
1 5 20
0 0 3
1 6 56
1 3 98
0 1 95
0 7 17
1 2 48
0 1 90
1 6 83
0 6 69
0 4 40
1 0 98
1 8 100
0 5 110
1 2 8
1 8 8
1 4 79
1 6 35
1 1 51
0 3 30
0 6 104
1 3 40
1 6 38
0 6 73
1 1 89
1 1 19
0 7 111
0 4 108
1 7 111
1 1 84
1 2 69
1 3 108
0 4 73
1 4 65
1 0 49
1 8 47
1 5 21
1 0 56
1 6 21
1 4 93
1 5 29
0 7 107
0 1 62
0 0 64
1 2 60
1 0 48
0 2 27
1 8 39
1 0 18
1 3 112
1 2 35
0 2 50
0 4 92
1 5 89
1 0 70
1 4 53
0 1 47
1 8 35
0 6 98
1 2 92
1 0 109
0 3 112
0 3 34
1 0 12
0 5 84
0 1 73
0 1 20
1 6 76
1 4 97
0 7 42
1 6 93
0 4 104
0 7 7
0 3 92
1 5 30
1 3 72
1 3 44
0 5 10
0 5 28
0 6 97
0 7 64
0 8 75
0 5 1
1 7 48
0 7 55
1 6 11
0 5 20
0 4 12
1 8 1
0 2 32
1 3 18
0 1 34
0 4 2
1 7 85
1 2 39
1 7 21
1 3 25
1 6 28
1 3 38
1 4 14
1 5 56
0 6 41
0 0 110
1 3 87
0 5 103
0 3 104
1 4 13
1 3 107
0 7 59
0 5 9
0 7 4
1 5 14
0 8 105
1 4 45
1 4 3
1 7 29
1 8 109
