0 6 85
0 7 94
1 6 82
0 2 100
1 5 58
1 0 38
1 3 85
0 4 49
1 4 75
0 0 94
0 5 3
0 7 20
1 7 89
1 2 43
1 1 16
0 0 1
1 6 75
1 0 100
1 5 20
1 3 83
0 3 35
1 1 61
1 7 11
1 8 69
0 0 67
0 2 33
1 7 84
1 4 95
1 4 77
0 5 44
1 6 108
0 5 8
1 0 64
1 0 18
1 0 69
1 7 48
0 0 106
0 5 96
0 5 65
1 3 22
0 6 106
0 6 8
1 4 43
0 6 27
1 7 83
0 8 91
1 3 12
0 8 53
0 3 8
1 7 56
1 5 22
0 4 65
0 2 91
0 6 47
0 6 2
1 2 86
0 0 44
0 0 84
1 2 49
1 2 96
1 6 100
0 3 68
0 5 74
0 4 111
1 2 30
1 4 106
0 0 90
0 4 78
1 3 23
0 7 6
0 7 41
0 4 2
0 2 1
0 2 89
0 1 61
0 1 104
1 7 75
0 4 109
1 6 16
0 7 30
0 6 87
1 8 96
0 5 10
0 0 24
1 8 73
0 5 38
0 0 104
1 3 99
1 1 33
1 8 93
0 2 54
0 5 83
1 0 20
1 2 104
1 4 11
0 7 35
1 5 87
1 8 10
0 1 37
1 4 96
0 2 51
1 6 38
1 4 65
0 8 18
0 3 79
0 6 49
0 7 102
0 0 29
1 8 39
1 2 38
0 7 34
1 4 99
0 7 46
0 2 84
1 1 45
1 3 92
1 8 91
0 4 52
0 2 2
1 2 48
0 7 108
1 6 34
1 1 10
1 1 47
0 5 60
0 6 34
1 7 37
0 8 0
1 5 73
1 2 79
0 5 35
1 6 64
1 0 61
0 0 6
0 8 33
0 1 4
1 7 3
1 8 100
1 6 31
1 2 0
1 6 61
0 2 56
1 7 86
0 6 7
0 0 83
0 6 96
0 8 69
1 6 42
0 7 3
1 7 98
1 5 8
1 6 103
1 4 103
1 3 44
1 8 70
1 6 2
1 5 49
1 6 30
1 1 94
0 5 79
0 1 39
1 0 23
0 5 62
0 2 15
1 0 9
0 5 47
0 0 14
0 1 49
0 5 15
0 7 111
1 6 102
1 8 64
1 8 65
0 2 18
0 8 48
0 0 11
0 3 29
1 4 91
0 5 75
1 3 9
1 8 95
1 2 93
1 7 95
1 2 18
1 5 69
1 1 109
0 3 42
0 4 72
0 1 103
0 1 84
1 6 13
0 1 14
1 4 21
1 3 6
0 5 92
0 8 23
1 4 89
1 0 54
0 5 6
0 7 39
0 3 39
0 0 8
0 5 12
0 5 84
1 2 74
1 1 58
1 0 1
1 5 4
1 7 34
0 8 109
1 8 71
0 2 22
1 2 12
1 8 97
0 3 51
0 4 53
1 7 13
0 6 58
0 3 81
0 1 95
1 4 50
1 0 58
1 3 94
1 1 87
0 1 64
1 0 97
1 4 53
1 2 45
1 6 88
1 1 15
1 4 26
0 5 91
1 2 26
0 7 58
0 8 62
1 0 82
1 0 104
1 5 80
0 3 22
1 5 91
0 0 43
0 4 68
1 6 96
0 4 95
0 3 47
1 3 95
0 8 45
1 7 43
0 6 71
1 4 72
1 7 72
0 3 86
1 1 41
1 8 80
0 6 32
1 3 105
1 2 97
1 3 21
1 0 95
0 4 30
0 8 19
0 3 5
1 3 110
0 8 51
0 8 83
1 2 47
1 0 12
1 7 63
0 6 17
1 1 46
1 4 4
1 1 100
1 5 34
1 3 87
0 8 105
1 1 25
0 5 30
0 5 72
1 4 102
0 0 103
0 7 68
0 6 50
1 1 108
0 3 18
0 0 61
1 8 12
1 4 94
1 4 63
1 5 54
1 1 74
0 4 44
1 6 72
0 4 84
0 7 76
0 2 16
0 8 16
1 3 3
0 1 32
1 7 96
1 0 84
