0 4 79
0 5 16
1 6 89
0 1 53
1 0 53
0 1 80
1 5 56
1 8 97
0 1 100
0 2 99
1 7 84
1 2 68
0 4 64
0 2 27
1 2 32
1 4 35
1 6 5
1 8 111
0 6 72
0 3 51
0 5 55
1 5 53
1 8 43
0 0 85
1 8 69
1 0 90
1 1 2
0 6 59
0 0 31
0 8 88
1 4 108
1 3 48
1 7 22
0 2 6
0 8 55
0 7 91
0 6 91
1 0 101
1 1 91
1 3 56
1 5 96
1 0 60
1 5 9
1 3 15
1 8 99
1 6 58
0 8 41
0 0 53
0 7 84
0 1 95
0 7 14
0 3 11
1 5 18
0 8 77
0 6 39
1 2 87
1 2 77
1 3 10
1 3 59
1 1 21
0 3 99
1 6 60
0 0 59
0 1 108
1 1 94
0 0 72
0 5 11
1 2 4
0 7 38
0 3 84
1 2 85
1 8 17
1 1 53
1 4 88
0 0 1
0 1 12
0 2 58
0 1 67
1 5 84
0 3 72
1 3 22
0 3 53
1 7 64
0 1 56
0 2 1
1 7 45
0 8 40
0 1 101
1 6 11
0 3 31
1 7 20
0 4 60
0 6 46
1 6 88
0 4 28
0 5 38
0 2 110
1 3 100
1 4 64
1 3 108
0 1 65
1 1 49
1 5 64
0 2 55
1 4 89
1 4 8
1 5 111
0 0 88
0 0 99
0 3 87
0 0 107
0 3 40
1 6 36
1 8 22
0 7 37
0 8 79
0 7 36
1 7 38
0 5 8
0 2 87
0 6 5
1 3 34
0 2 36
1 5 43
0 1 76
1 7 60
1 1 97
1 2 62
0 6 9
1 5 12
1 3 58
0 8 100
1 5 57
1 7 74
1 0 45
0 5 20
1 8 104
0 2 61
1 1 80
1 8 30
0 5 18
1 7 68
1 6 103
1 0 24
1 0 54
1 4 37
1 4 82
0 0 83
0 8 111
1 8 67
0 7 98
1 0 5
1 0 50
1 7 80
1 3 73
1 4 43
0 2 9
0 0 22
0 4 69
1 1 78
0 0 54
0 8 46
1 4 107
0 3 25
1 2 15
0 5 19
1 7 99
0 1 25
1 6 9
0 2 60
0 7 112
1 3 81
0 6 42
0 2 78
1 1 65
1 0 64
0 6 60
0 0 49
0 8 89
1 7 39
0 7 79
0 2 57
1 7 37
1 3 62
0 3 29
0 7 57
0 7 101
1 0 14
1 5 76
1 0 83
1 3 53
1 8 109
1 0 40
1 8 112
1 3 82
1 7 52
0 4 29
0 8 81
0 0 8
1 7 19
1 4 99
0 8 48
0 7 74
0 2 97
1 4 85
1 4 81
1 1 4
1 7 25
0 8 80
0 7 18
1 7 15
0 6 100
1 2 89
1 4 83
0 8 103
1 0 96
0 7 33
0 5 80
1 0 0
0 1 50
0 7 81
0 6 92
0 2 51
0 0 2
0 6 88
0 4 0
1 3 54
0 5 15
0 4 15
1 5 25
1 7 109
0 2 92
1 5 86
1 7 29
0 5 81
1 7 32
1 3 30
1 1 34
0 7 53
1 7 110
1 6 73
1 4 48
1 3 13
1 1 13
1 8 90
1 7 89
1 5 5
1 2 37
0 5 87
1 6 77
1 6 17
0 7 94
0 6 89
0 5 48
0 7 100
0 2 62
0 4 106
0 2 10
1 5 93
1 6 49
0 5 12
1 5 112
1 2 56
0 1 83
1 3 106
1 4 66
1 2 65
1 1 55
0 0 66
1 0 20
1 2 95
1 7 7
0 4 43
0 1 89
1 4 63
0 6 106
1 5 27
0 3 111
1 5 59
1 8 91
0 7 22
0 7 90
0 8 50
0 4 72
0 0 80
1 4 86
1 0 98
1 5 42
0 4 1
1 0 67
0 6 95
1 0 57
0 7 17
1 2 104
1 1 106
1 6 110
1 8 110
1 4 106
1 3 11
0 1 44
1 7 18
0 2 12
1 5 26
0 5 37
1 4 29
1 4 71
1 7 24
1 4 39
1 6 15
1 5 1
0 8 52
1 7 51
1 7 42
1 3 69
1 1 19
1 6 64
0 7 66
0 8 112
1 1 24
1 8 63
1 3 90
1 3 99
1 8 79
0 6 37
0 7 61
0 4 59
1 0 49
1 2 59
1 7 79
1 4 1
1 7 4
1 2 98
1 0 88
0 7 10
0 5 25
0 2 19
0 5 24
1 7 63
1 6 39
1 7 66
0 2 84
0 8 25
1 5 61
1 1 0
1 4 50
1 0 17
0 1 99
0 3 61
0 0 9
0 4 11
1 7 41
0 5 72
1 6 12
0 2 37
0 8 7
1 6 76
1 5 82
1 2 61
0 6 6
0 1 5
0 0 52
1 0 37
1 5 90
1 8 53
1 8 37
0 4 45
1 3 31
1 2 110
0 5 73
1 6 61
0 3 73
0 3 85
1 6 22
0 4 14
0 4 80
