1 0 67
0 2 49
0 5 4
1 0 80
0 2 66
1 2 8
0 1 10
0 6 36
0 5 58
0 8 112
1 4 33
0 2 73
0 2 5
1 0 54
0 4 31
0 3 56
0 5 68
1 7 46
0 7 88
0 3 92
1 0 85
1 8 97
0 2 39
1 2 92
1 4 70
0 6 90
0 0 69
0 6 68
1 0 41
0 8 7
0 8 0
0 0 63
1 4 18
0 4 95
0 3 36
0 3 20
1 1 48
1 7 16
1 7 66
0 0 22
0 7 109
0 5 13
1 6 34
0 1 64
0 7 36
1 1 95
1 3 62
0 6 7
1 0 71
0 8 110
1 2 103
1 3 21
0 6 67
1 2 46
1 3 60
1 8 48
1 0 102
1 2 65
0 0 110
1 7 52
0 2 109
0 0 70
0 2 89
1 1 69
1 0 107
1 4 13
1 4 26
1 8 80
0 7 78
1 7 79
0 5 97
0 0 14
1 4 54
1 5 33
0 6 17
1 1 25
1 8 47
0 5 34
1 4 88
1 7 56
0 1 48
0 7 38
1 6 47
1 1 29
1 3 23
1 1 80
0 0 23
0 0 67
1 1 37
1 2 58
1 4 46
1 4 5
1 4 110
1 4 104
0 1 56
0 8 66
1 5 41
0 7 106
0 4 8
0 0 53
1 8 86
1 8 99
0 6 98
0 6 16
1 1 8
1 7 74
0 3 21
1 8 3
1 0 44
1 8 8
1 3 64
1 2 27
1 8 31
0 4 28
1 5 23
1 7 67
1 3 87
1 0 78
1 4 0
0 4 13
1 0 1
1 4 81
0 0 109
0 2 44
1 3 49
0 1 53
1 7 48
0 2 43
1 3 83
0 7 30
1 8 95
1 3 77
0 3 3
0 5 3
1 0 73
0 3 16
0 2 77
0 8 47
0 6 103
0 5 31
0 5 96
0 8 85
1 8 28
0 5 71
1 7 63
0 8 79
1 5 92
1 2 67
1 0 6
0 4 10
