1 4 88
0 8 67
0 0 7
1 6 31
1 3 67
1 2 47
0 4 4
0 5 28
0 7 101
1 5 51
1 6 26
1 6 103
0 7 31
1 5 48
0 0 10
1 0 6
0 3 43
0 1 46
0 4 35
1 3 12
1 4 24
1 1 48
0 2 84
0 4 69
1 1 111
0 1 71
0 3 29
1 8 86
0 6 0
1 0 25
0 5 96
0 3 66
1 6 20
0 1 62
0 3 103
0 4 104
0 7 106
1 2 105
1 0 16
1 3 27
0 1 68
0 2 68
1 0 36
0 2 26
1 2 50
1 0 97
1 3 105
1 7 0
1 5 43
0 3 21
1 5 70
0 0 110
1 7 7
1 5 41
1 2 97
0 0 11
1 2 40
1 4 28
0 1 89
1 1 29
0 2 43
1 3 83
1 4 57
1 1 19
0 8 65
0 0 73
1 0 29
1 2 37
1 5 2
0 6 75
1 8 48
1 1 112
0 7 92
1 7 24
1 8 57
0 5 102
1 6 32
0 3 64
0 2 78
0 8 101
1 7 42
0 6 84
0 2 94
0 7 96
0 8 107
0 7 15
0 3 41
1 2 32
1 2 99
0 5 11
1 3 29
1 0 11
1 7 6
0 6 40
1 2 43
1 8 88
1 2 83
1 4 74
0 3 54
1 7 84
1 1 106
0 0 103
1 4 55
1 7 99
1 2 58
0 6 35
1 1 45
0 6 55
1 6 15
0 4 26
1 0 10
1 6 50
0 8 14
0 6 96
1 1 64
1 0 39
1 7 69
0 8 35
1 2 73
1 4 64
0 6 4
1 4 43
0 3 88
1 5 35
1 4 45
0 6 87
1 4 33
1 6 85
0 1 103
1 5 87
0 5 34
0 2 44
0 5 56
1 5 29
1 3 18
0 7 69
0 8 85
0 5 76
1 3 61
1 7 90
0 8 47
0 1 30
1 3 87
1 7 47
1 0 77
0 6 106
1 4 94
1 1 91
1 8 100
1 6 52
0 3 108
0 5 33
1 1 72
0 2 36
1 4 13
1 1 36
0 1 29
0 1 79
0 7 46
0 1 25
1 5 68
1 8 38
0 7 11
1 8 12
1 2 15
0 7 47
1 6 93
0 4 79
0 5 35
0 4 32
1 4 87
0 5 8
1 5 72
0 5 61
1 6 75
1 7 43
1 0 75
1 3 81
0 5 22
0 4 30
0 4 14
1 7 2
0 2 23
1 1 103
1 1 89
0 3 8
0 5 10
0 5 100
1 6 33
0 1 57
0 5 74
1 0 40
0 1 11
0 4 63
1 6 67
0 6 33
0 8 76
1 6 99
1 2 93
0 8 34
1 8 56
1 4 112
0 8 28
0 3 97
0 0 17
0 8 79
1 7 35
1 6 4
1 8 15
0 3 82
1 2 79
0 0 45
0 5 1
1 1 57
1 3 91
0 5 63
0 8 6
0 8 19
0 0 89
1 6 16
0 0 90
0 8 40
1 4 30
0 6 24
0 3 67
1 0 63
1 5 97
1 4 26
0 6 57
1 3 110
1 8 8
1 6 89
1 4 34
1 5 45
0 7 27
1 0 51
1 8 32
1 8 94
0 0 18
0 0 106
0 5 97
0 5 29
0 5 16
1 3 107
1 3 46
1 8 9
1 8 109
0 1 9
1 3 41
1 8 76
1 0 107
1 3 39
1 6 3
0 0 30
0 4 15
1 6 25
0 8 61
0 5 90
1 6 17
0 7 74
1 3 85
0 3 52
1 2 34
0 7 30
0 6 12
0 6 102
1 6 94
1 8 95
0 3 27
1 3 102
0 2 3
0 6 85
0 5 112
0 7 83
1 5 36
0 0 88
1 0 71
0 1 4
1 4 17
1 5 27
1 0 100
1 7 29
1 7 1
1 0 103
0 7 20
1 6 48
1 8 103
1 5 74
0 0 5
0 7 41
1 3 37
0 4 96
1 4 18
1 5 4
0 7 65
1 2 51
0 8 93
1 6 30
1 8 30
1 3 51
1 6 87
0 6 81
1 7 59
1 2 108
0 3 57
1 5 19
0 6 42
1 4 98
1 0 42
0 5 54
0 5 6
1 3 108
0 2 95
1 1 35
0 6 74
0 3 10
0 2 63
0 8 10
0 8 77
1 1 83
0 6 86
1 4 61
0 2 46
1 1 77
0 3 15
1 0 55
0 4 21
0 7 70
1 8 58
0 8 52
1 7 79
0 5 31
1 7 55
0 5 30
0 5 42
0 0 16
0 4 106
0 4 19
1 7 94
0 3 91
0 4 105
0 8 51
0 0 96
1 1 88
0 5 37
1 3 0
0 4 34
1 8 83
0 1 47
1 0 19
0 1 85
0 7 63
1 5 8
0 1 102
1 5 15
1 5 34
0 6 61
1 1 53
0 7 51
1 1 4
1 2 95
1 1 17
1 7 51
1 6 98
1 8 87
0 5 27
0 1 32
0 1 104
1 7 16
1 6 59
1 1 9
0 7 22
0 4 74
0 4 18
0 2 6
1 8 29
0 4 78
0 3 95
1 7 80
0 7 35
0 2 51
1 6 56
1 8 72
0 5 66
1 5 61
0 8 90
0 5 87
0 4 0
1 8 34
1 7 107
1 4 63
0 6 10
1 0 18
1 1 10
0 3 9
1 6 8
0 2 74
1 3 96
0 0 34
1 7 27
0 2 81
0 4 112
1 6 81
1 2 77
1 4 51
0 4 46
1 3 13
0 4 17
1 1 107
1 6 23
0 2 64
0 8 84
1 6 45
0 0 0
0 1 95
0 7 98
1 0 73
1 6 13
1 3 65
0 1 48
0 2 57
0 1 92
1 6 108
0 0 87
0 7 23
0 0 25
1 3 111
1 4 78
0 1 10
0 0 91
1 8 66
1 7 22
1 7 49
0 4 67
1 8 17
1 8 90
0 7 19
1 3 31
1 0 27
0 5 82
0 2 67
0 1 58
0 3 109
0 0 26
1 7 32
0 1 75
0 3 7
0 2 73
0 8 81
0 5 98
1 2 29
1 2 6
0 5 92
0 7 40
1 4 79
0 2 38
0 5 58
0 8 2
0 0 20
0 4 6
1 5 86
1 7 63
1 3 71
0 7 67
1 3 54
0 8 91
0 4 11
0 8 69
1 6 40
0 3 4
0 0 33
0 6 48
1 4 96
0 7 62
1 2 90
0 8 53
1 4 37
0 3 3
0 3 75
0 6 47
0 7 112
1 1 92
1 5 69
1 7 98
0 1 107
1 6 91
1 0 61
0 7 110
0 8 39
0 7 85
0 7 107
1 3 17
0 8 33
1 6 54
0 4 98
0 8 108
0 2 42
1 0 30
0 0 80
1 1 63
1 8 112
1 6 21
0 4 1
0 5 71
1 0 21
0 6 52
0 0 51
0 6 54
0 8 48
0 6 108
1 8 60
0 4 39
1 8 37
1 8 84
0 0 100
1 4 81
1 0 34
1 8 99
0 0 6
0 3 56
0 7 55
0 4 12
1 5 39
1 2 96
1 2 20
1 6 28
0 7 28
1 7 5
0 3 70
1 5 60
0 7 34
0 1 33
0 8 17
0 6 101
1 8 52
1 6 66
1 7 41
1 7 65
0 7 32
1 5 80
1 2 84
1 1 40
1 2 111
1 2 57
0 7 90
0 6 46
1 2 70
0 4 65
1 5 13
0 2 71
0 2 30
1 0 91
1 7 25
0 2 85
0 8 49
1 1 98
0 4 110
0 6 39
0 2 12
0 7 0
0 5 86
0 0 22
1 7 61
0 5 73
1 0 110
1 0 112
0 0 98
1 6 100
0 0 55
1 5 75
1 6 29
1 2 87
0 5 99
1 6 84
0 1 67
1 5 98
1 3 48
0 4 27
0 8 29
1 1 47
0 2 18
0 6 53
1 3 99
1 2 19
1 2 109
1 4 21
0 4 16
0 5 91
0 2 20
0 4 102
1 0 106
1 6 39
1 5 21
0 0 102
1 2 94
0 0 69
1 0 86
1 1 73
0 8 58
1 6 69
1 4 100
1 5 49
1 5 88
1 2 13
0 0 70
1 2 31
0 3 32
1 2 82
1 5 26
0 7 89
0 5 84
0 4 61
1 2 80
1 2 110
0 1 13
0 7 82
0 8 83
1 6 70
1 3 90
1 0 4
0 3 105
0 5 24
0 6 98
0 4 92
0 4 70
1 6 73
1 2 65
0 1 69
0 7 26
1 1 80
0 3 38
0 1 41
0 4 52
1 8 111
1 0 59
0 5 108
1 8 82
0 3 42
0 0 47
1 1 43
1 2 26
0 3 104
0 6 80
1 6 11
1 5 20
1 2 49
0 2 75
1 5 90
1 7 104
0 5 103
0 0 56
0 7 42
0 1 63
1 4 3
1 0 48
1 3 16
0 5 88
0 3 77
1 0 2
1 6 71
0 0 42
1 1 69
1 7 95
0 0 57
0 6 31
1 2 85
1 0 8
0 4 94
1 8 43
0 0 94
1 7 50
0 2 29
0 6 5
1 1 18
0 3 86
1 4 14
1 3 47
1 2 86
0 0 83
1 2 78
1 3 100
1 7 64
1 5 77
0 6 76
0 2 111
1 1 102
0 1 94
0 1 34
0 1 55
0 7 59
1 0 69
0 6 20
0 4 68
0 0 63
1 5 53
1 5 104
0 3 98
0 2 88
0 4 54
1 4 80
