0 0 4
0 2 28
1 8 85
1 3 109
0 6 28
0 4 81
1 1 49
1 7 61
1 8 32
1 5 63
1 5 84
1 5 71
1 7 3
1 6 24
0 2 77
1 3 94
0 1 90
0 8 0
0 2 106
0 4 91
1 8 74
0 7 70
1 6 62
1 6 54
1 8 103
0 6 11
0 7 52
0 2 107
1 2 77
1 3 79
0 8 111
0 8 74
1 4 99
0 4 47
0 0 10
1 7 25
1 8 44
1 5 13
1 6 105
0 6 110
0 1 93
0 5 24
0 3 79
1 3 29
1 0 17
0 0 106
1 8 58
1 8 69
1 6 18
0 5 11
0 6 26
1 1 16
1 4 43
0 6 50
0 8 106
0 2 57
1 8 43
1 8 110
0 2 16
1 1 97
0 4 1
0 2 72
1 5 77
0 0 63
0 3 25
0 3 101
1 8 108
1 3 69
1 3 63
0 5 89
0 6 14
1 6 71
0 3 9
1 5 67
1 8 36
0 3 15
0 5 70
0 8 19
0 8 98
0 6 109
1 3 54
0 4 77
0 5 77
1 1 15
1 7 86
1 6 74
0 2 100
1 7 30
1 6 15
0 6 49
0 0 83
0 7 97
0 0 17
0 8 104
0 3 110
0 6 32
0 7 44
1 0 87
0 1 26
0 4 85
0 6 15
1 4 52
0 6 45
0 2 10
1 7 0
0 0 42
1 6 99
0 6 69
1 1 103
0 6 53
1 4 109
0 5 51
1 8 78
1 0 94
0 7 68
1 5 1
0 4 0
1 2 89
1 5 47
1 0 30
0 5 6
1 5 8
0 5 41
0 0 43
1 5 45
0 1 83
0 1 12
0 8 83
0 7 34
1 2 87
1 8 39
0 2 48
0 4 42
0 0 29
1 4 42
0 2 67
0 4 59
0 6 1
1 8 59
1 3 101
0 3 73
0 0 52
0 8 5
1 2 8
0 6 46
0 2 15
0 3 100
1 0 2
0 5 39
0 7 13
1 8 20
1 3 100
1 7 64
0 0 68
0 1 84
1 6 108
1 7 12
0 2 41
1 2 56
0 4 98
1 0 101
1 1 28
0 7 10
0 2 43
0 4 64
1 3 82
0 5 21
0 2 102
0 6 51
0 0 35
1 8 50
0 5 105
1 5 12
1 2 110
0 5 55
1 0 66
1 7 7
1 1 32
0 5 40
0 4 38
0 7 71
1 7 107
0 5 109
1 5 64
1 3 97
0 1 23
0 1 4
0 5 32
1 5 79
0 7 12
1 6 88
1 6 109
1 7 70
1 2 21
1 3 10
0 4 16
0 0 50
1 8 87
0 8 16
0 8 99
0 2 79
1 2 80
1 4 85
1 2 52
0 2 30
0 4 19
0 0 51
1 0 53
1 5 68
0 7 6
1 8 22
1 3 98
1 2 79
0 3 102
0 0 49
1 7 65
0 7 109
1 1 80
1 8 33
0 6 74
1 5 80
0 4 63
1 2 31
1 6 33
0 2 37
1 8 89
1 8 62
0 7 40
0 5 101
1 5 111
0 0 3
1 0 23
1 0 71
0 0 91
0 8 17
0 6 21
1 1 110
1 1 4
1 5 39
0 2 108
1 2 92
0 8 61
1 3 6
1 6 79
1 3 8
0 3 112
0 5 28
0 7 24
1 8 21
1 5 85
1 0 70
1 5 25
0 8 108
0 2 112
1 8 82
0 6 90
1 2 30
1 0 69
0 0 14
0 2 94
0 4 66
1 1 54
1 6 73
1 6 82
1 4 67
0 3 21
0 4 86
0 6 33
1 6 85
0 2 54
1 1 34
0 2 40
0 7 21
1 5 17
0 0 37
1 0 72
0 2 38
1 4 72
1 4 65
1 0 110
1 4 45
0 8 95
0 6 85
0 5 81
1 0 86
0 2 23
0 4 22
0 0 9
0 0 19
1 7 4
1 6 55
1 8 68
1 5 18
1 1 1
1 0 77
1 2 83
0 0 45
0 3 81
0 8 21
0 2 80
0 7 65
0 5 102
1 1 46
1 0 31
1 2 18
0 4 70
1 2 57
0 0 32
0 1 97
1 3 18
1 4 82
0 6 9
0 8 97
0 6 94
0 3 7
1 3 91
0 1 42
1 2 55
1 8 55
1 2 91
1 0 109
1 6 89
1 0 107
1 8 12
1 4 69
1 8 27
0 1 13
0 2 99
1 2 13
1 7 110
1 4 17
0 3 37
0 8 8
1 7 100
0 0 6
0 1 34
0 8 96
1 0 50
0 8 2
1 3 56
1 7 80
1 2 75
0 8 1
1 3 62
0 4 76
0 2 103
1 8 94
0 0 88
1 4 15
0 4 79
1 8 51
1 7 19
1 3 4
1 1 50
1 7 77
0 8 66
1 1 14
1 5 2
1 7 28
0 0 8
0 3 74
0 3 89
1 4 96
1 1 70
0 1 63
0 6 67
1 3 111
0 5 79
0 6 38
1 3 50
0 3 70
1 5 88
0 8 37
1 0 26
0 2 7
0 0 48
0 7 28
0 2 13
1 4 25
0 0 53
0 4 83
0 3 23
1 7 79
1 0 111
0 8 41
1 0 34
1 3 47
1 1 55
1 1 0
0 3 1
0 0 66
1 5 95
1 6 21
0 4 8
0 3 109
1 3 83
0 6 39
0 5 47
1 6 3
0 5 100
1 6 103
0 4 58
1 1 92
1 8 88
1 4 44
0 7 105
0 0 90
1 7 68
1 2 69
0 1 24
1 8 0
1 6 22
0 6 108
1 4 78
0 2 110
1 8 83
1 3 41
1 3 99
1 3 5
1 0 57
1 2 46
1 8 73
1 2 93
1 5 112
1 3 42
1 6 13
1 7 44
1 3 87
0 5 33
0 4 90
1 1 112
1 0 75
0 1 77
0 3 66
0 7 103
1 4 12
1 2 29
0 0 40
0 6 68
1 5 101
1 5 54
1 3 40
0 0 110
0 2 85
0 3 85
1 5 76
0 4 103
0 6 111
0 7 31
1 3 68
0 2 32
1 0 96
0 1 112
0 8 59
1 6 49
0 4 57
1 1 5
0 7 89
0 5 52
1 6 38
0 1 58
1 5 38
0 8 38
1 2 54
1 1 104
1 0 102
1 1 81
1 0 78
0 4 4
0 8 25
1 0 91
1 6 16
0 6 7
0 5 31
0 6 16
