1 7 5
1 2 3
1 6 73
0 6 70
0 3 64
1 2 82
0 6 59
1 0 100
1 1 34
1 1 105
0 5 82
0 2 2
0 1 26
0 2 47
0 5 5
0 6 71
1 3 50
0 4 67
0 1 37
0 3 82
1 1 41
1 8 70
0 6 34
0 1 92
1 8 3
0 0 38
1 5 111
1 0 102
1 8 75
1 0 111
0 2 21
0 7 36
1 1 31
0 5 79
1 3 25
0 4 29
0 4 70
0 5 85
0 0 54
1 4 19
0 3 69
1 7 61
0 0 110
1 0 9
0 8 30
1 0 66
0 8 75
1 8 91
1 2 84
0 0 75
0 5 27
0 5 100
1 1 108
0 6 56
1 4 68
0 1 71
0 8 45
0 0 102
1 1 65
1 0 63
1 1 99
1 1 90
1 8 83
1 6 21
0 2 33
1 3 52
1 6 11
0 3 100
1 0 42
1 3 82
1 2 47
0 7 8
0 4 74
0 7 4
0 4 79
1 3 2
1 2 73
1 7 44
0 6 105
0 5 105
1 8 63
0 2 80
1 8 29
0 7 26
1 4 15
1 5 48
1 0 83
0 4 53
0 8 43
0 2 22
1 6 29
0 6 58
1 7 72
0 4 48
0 2 96
1 4 40
0 3 29
0 1 73
0 3 30
0 6 64
1 4 23
0 7 66
1 3 90
1 5 38
0 0 37
1 7 37
0 1 30
0 0 12
1 0 106
0 4 54
1 7 43
1 1 68
0 6 27
1 4 47
1 2 57
1 6 27
1 2 10
1 6 41
1 2 21
1 5 100
1 0 95
0 4 77
0 1 86
0 5 107
1 7 66
1 2 105
0 5 64
0 3 94
1 8 18
0 8 92
1 5 36
1 6 53
1 0 52
0 8 64
0 8 20
0 7 74
0 4 38
0 3 22
1 8 27
1 6 102
0 6 74
1 7 93
1 1 1
1 0 43
1 7 33
0 6 46
1 3 92
1 3 102
1 3 88
0 1 15
1 2 107
1 1 77
0 1 19
0 4 27
1 7 36
0 8 112
1 7 106
0 5 36
1 5 108
1 0 27
0 8 47
0 1 3
1 0 32
0 0 78
0 2 6
0 1 66
1 5 58
1 1 84
1 5 99
0 1 82
1 3 35
1 5 106
1 7 95
0 0 21
0 8 36
1 7 13
1 7 48
0 0 107
0 5 93
1 5 105
0 8 10
1 3 22
1 1 23
1 5 5
1 3 40
0 4 39
1 8 45
0 5 80
1 8 4
1 2 103
1 0 69
0 4 14
1 7 12
1 1 38
1 5 24
1 8 24
0 0 80
0 8 49
1 4 34
1 1 58
0 6 26
1 6 74
0 2 71
1 4 82
1 3 21
1 1 92
1 8 101
0 5 18
1 2 112
1 8 48
0 2 93
1 6 52
1 3 84
0 4 35
0 3 67
1 4 65
0 2 19
0 4 110
1 6 13
0 5 37
0 2 66
0 5 47
0 0 94
0 8 28
0 0 95
1 8 20
1 2 49
0 3 84
1 0 64
0 7 45
0 3 76
0 8 39
1 4 58
0 7 82
0 5 78
0 6 100
1 6 0
1 3 16
0 3 95
0 0 53
0 4 55
1 2 45
1 2 51
0 1 70
1 6 1
0 7 7
0 3 28
0 1 105
0 2 78
1 8 2
