0 5 92
0 7 104
0 1 37
1 5 17
1 1 29
1 1 98
1 6 40
1 0 17
1 6 23
1 1 66
0 3 108
0 0 71
0 3 68
0 4 61
0 0 48
1 6 64
1 1 62
0 8 77
0 1 111
1 7 59
1 4 7
0 3 1
1 3 36
1 2 45
0 0 84
0 3 39
0 1 24
1 5 89
1 0 7
0 4 98
0 0 14
0 7 17
1 3 110
0 6 96
0 5 72
0 6 63
0 2 94
1 5 69
1 5 52
0 0 40
0 8 42
1 1 5
1 8 89
1 8 81
0 7 46
1 6 37
1 1 11
1 3 79
0 6 75
1 0 6
1 1 92
1 8 49
0 6 28
0 4 12
0 0 20
0 8 97
1 4 9
0 7 72
1 2 68
0 8 100
1 5 74
1 2 99
1 7 45
1 4 82
1 0 47
0 4 41
0 1 22
0 5 33
1 4 107
1 6 76
0 7 44
0 8 18
1 6 78
0 1 80
1 2 70
0 4 69
0 8 96
1 7 101
1 4 48
1 3 55
0 0 85
0 4 84
0 1 79
0 8 7
0 3 11
0 6 85
0 2 110
1 5 86
1 2 85
0 6 47
0 5 80
1 3 16
1 3 83
0 1 77
1 3 87
0 7 41
1 6 100
1 3 44
1 6 20
0 7 14
1 4 109
0 8 3
1 5 45
0 0 104
1 8 29
1 2 44
1 6 27
0 0 47
1 3 56
0 3 101
0 5 24
1 5 24
1 0 73
0 8 51
0 7 74
1 8 8
1 4 54
1 8 78
0 3 46
0 5 110
0 8 12
1 6 106
1 2 17
0 2 40
0 2 27
1 5 29
0 6 7
1 1 7
1 3 41
0 7 18
1 1 23
0 8 67
0 5 66
1 2 2
1 5 76
1 6 91
1 0 91
0 0 87
0 7 22
0 5 64
0 2 74
0 5 83
1 7 99
0 8 84
1 0 80
0 3 48
0 1 103
0 3 63
1 7 16
0 7 105
1 7 102
1 2 26
1 0 74
0 4 30
1 2 89
1 0 62
1 0 46
0 4 55
0 5 11
1 1 37
1 0 52
1 8 106
1 5 33
0 0 69
1 5 49
1 7 55
1 5 67
0 3 29
1 3 58
1 0 98
0 4 6
1 6 101
1 3 2
0 0 50
0 1 10
1 8 60
0 3 94
1 1 97
0 7 66
1 6 19
1 6 21
0 5 41
0 8 95
1 7 37
1 2 51
1 1 54
0 1 93
0 2 68
0 1 15
1 1 91
0 3 49
0 3 34
0 0 11
0 7 5
0 4 79
1 3 68
1 7 22
0 6 76
0 3 62
0 5 62
1 8 22
0 5 73
1 3 19
0 2 15
1 1 72
0 1 31
1 0 75
1 2 76
0 5 108
0 3 82
0 6 88
1 2 42
0 7 112
0 3 105
1 7 69
0 2 96
1 6 28
0 0 99
1 5 84
0 8 65
1 8 23
0 1 60
0 6 38
0 0 24
0 6 32
0 3 26
0 6 106
0 8 102
0 6 94
0 2 28
1 1 35
1 3 10
0 1 25
1 2 111
1 8 109
1 4 89
0 0 52
0 0 60
1 5 73
1 2 74
0 7 16
1 4 45
0 0 29
1 5 47
0 2 7
0 5 8
0 6 8
0 3 66
0 2 30
0 2 36
1 6 17
0 3 54
1 1 38
1 0 4
1 1 12
0 3 106
0 0 33
1 3 91
1 4 73
0 7 101
1 3 38
0 8 82
1 7 75
1 1 85
1 7 64
1 4 96
0 3 28
0 5 112
0 5 54
1 1 101
1 7 66
0 6 6
1 6 102
1 3 76
1 4 72
0 2 5
1 7 13
1 7 98
0 4 87
1 8 90
1 8 0
0 5 22
0 6 41
0 7 54
1 8 20
1 2 49
1 0 26
1 5 14
1 8 63
1 1 107
0 6 90
0 1 108
1 5 68
0 6 92
0 5 104
0 5 101
0 1 36
0 3 77
0 5 10
0 6 36
0 5 4
1 8 92
1 6 79
1 4 85
1 4 101
0 8 52
0 5 79
1 3 39
0 4 81
0 6 98
1 4 19
1 5 3
0 4 54
0 8 89
0 3 20
0 3 91
1 6 74
0 6 79
0 5 58
0 1 11
0 1 76
0 2 17
1 0 50
0 8 36
1 3 84
0 4 111
0 2 104
1 2 79
1 6 9
1 8 64
1 5 109
0 8 13
1 1 89
1 2 61
0 8 68
0 4 91
1 0 85
1 7 19
1 2 54
0 4 42
1 1 40
1 0 23
1 3 33
1 3 81
1 7 105
0 1 78
0 0 3
1 1 4
0 8 85
1 0 10
1 1 78
1 0 32
1 8 91
1 8 96
0 7 68
0 0 61
1 2 24
0 8 74
0 0 55
0 1 81
1 0 104
1 3 1
1 6 48
0 6 43
1 3 27
0 8 41
0 0 81
0 1 49
1 5 54
1 5 15
0 5 56
0 4 48
0 6 91
0 5 57
1 6 0
0 7 32
0 5 34
1 1 74
1 3 86
1 2 72
1 6 77
0 7 15
1 5 96
0 2 35
1 0 99
1 3 70
1 8 47
0 3 67
1 8 43
1 4 22
0 1 45
0 4 80
0 3 16
1 5 39
1 7 93
0 1 88
0 5 98
0 6 83
0 7 67
0 2 37
0 7 50
1 4 74
1 6 1
0 7 11
0 1 55
0 3 79
1 0 42
1 3 74
1 3 62
1 4 36
0 3 23
1 5 42
0 4 56
0 5 106
0 2 25
1 3 89
1 1 70
0 8 22
1 3 25
0 4 4
1 5 80
1 0 68
0 5 60
0 6 31
0 8 8
0 2 50
1 8 108
0 3 111
0 4 34
0 7 75
0 2 11
1 4 93
1 7 48
1 0 31
1 0 56
0 0 95
0 6 71
1 7 0
1 2 36
0 7 2
1 0 12
0 4 76
0 7 57
1 6 24
1 7 5
1 6 31
0 6 55
1 0 24
1 1 16
1 3 112
1 1 59
0 1 54
1 3 65
0 5 5
1 5 36
0 3 22
1 4 29
1 8 50
1 8 19
0 2 98
1 6 32
0 3 50
1 5 28
1 7 27
0 4 26
1 0 64
1 8 99
0 1 23
1 4 25
1 6 13
1 4 83
1 6 58
1 2 77
0 2 69
1 7 33
0 2 46
1 2 96
1 2 91
1 0 82
0 3 87
1 7 15
1 8 3
1 7 60
1 3 102
1 2 100
0 7 111
1 6 7
1 5 12
0 4 82
0 5 17
0 5 37
1 6 71
1 2 66
0 2 75
1 3 93
0 3 38
0 6 77
1 5 50
1 2 108
0 7 60
0 4 29
0 3 15
1 4 57
0 8 48
1 8 40
1 4 60
1 3 3
0 3 83
0 7 89
1 8 35
1 1 51
0 6 87
1 4 28
1 6 54
1 5 22
0 5 38
1 3 88
1 0 79
0 1 19
1 3 105
1 0 102
0 0 90
0 8 90
1 6 83
1 7 62
0 6 2
1 5 23
1 8 88
1 2 87
0 6 50
0 2 18
0 7 61
0 6 34
0 7 78
0 7 7
0 3 30
1 1 44
1 5 62
1 5 21
0 1 89
0 1 70
0 3 51
1 3 108
0 1 87
1 8 6
0 5 13
0 5 76
0 5 82
1 7 58
1 8 48
1 7 56
0 3 53
1 1 104
1 8 54
0 7 97
0 0 30
0 0 65
0 8 14
0 0 41
1 1 84
1 6 65
1 4 2
0 2 2
0 4 21
1 4 111
0 0 108
0 8 93
1 7 108
0 2 57
0 6 0
1 7 29
0 4 7
0 8 80
0 6 35
1 3 45
1 7 21
0 6 62
1 5 0
0 4 32
1 0 3
1 1 48
1 6 73
0 7 64
0 4 101
1 3 32
0 8 21
1 5 103
1 3 71
0 1 33
1 4 68
0 0 45
1 1 81
0 3 92
0 3 6
0 3 61
0 3 2
1 1 27
1 7 30
0 2 105
1 0 83
1 3 20
0 7 93
0 2 58
0 2 59
0 1 53
0 0 53
1 0 33
1 3 72
0 8 72
1 3 78
0 8 104
1 4 31
1 4 100
1 4 66
1 7 112
1 5 41
1 8 16
1 3 109
0 6 99
0 1 100
1 8 57
1 2 5
0 4 90
1 8 32
0 8 109
1 2 50
1 0 100
1 2 78
1 4 35
0 8 55
0 5 91
0 0 18
0 6 52
0 8 49
0 8 26
1 6 110
0 8 30
1 7 35
1 7 68
0 3 52
1 8 72
0 0 39
0 5 78
0 6 30
1 1 106
1 1 19
0 7 3
1 2 62
0 0 73
0 0 13
0 6 33
0 3 104
0 7 58
0 5 68
0 7 59
1 4 99
0 2 3
1 8 94
1 2 110
1 1 75
1 7 2
0 2 93
0 6 101
1 8 71
1 5 35
1 1 96
1 4 63
1 0 8
1 4 51
0 7 25
1 4 90
1 0 21
0 7 103
0 2 34
1 2 32
1 3 17
1 2 43
1 4 21
0 2 91
1 7 31
0 5 29
0 8 44
0 1 6
1 8 101
1 0 9
1 2 60
1 8 74
1 5 87
0 4 39
0 1 35
1 4 24
1 2 7
1 3 96
0 0 111
1 0 88
1 8 59
0 8 101
1 4 46
0 7 29
1 0 39
0 3 78
0 3 64
0 6 37
1 7 25
0 5 93
0 0 0
0 2 32
0 0 46
0 8 0
0 3 31
1 2 94
0 0 76
1 8 67
0 1 43
0 3 9
1 8 33
0 8 87
0 7 38
0 2 24
0 7 10
1 7 54
1 8 14
1 3 104
1 5 94
1 2 16
0 5 88
1 3 60
1 6 81
0 8 66
1 5 16
0 3 76
1 7 49
1 0 5
0 7 98
0 7 73
1 2 30
0 0 44
1 2 22
0 7 94
0 0 58
0 1 98
0 4 43
0 1 14
0 0 70
0 8 99
1 7 34
0 3 96
0 3 95
0 5 47
1 4 32
0 0 1
0 0 75
0 3 41
1 1 2
1 2 102
0 0 107
0 7 24
1 6 55
1 4 47
1 2 27
0 5 74
1 5 31
1 0 53
0 4 14
1 8 15
1 5 11
0 0 43
0 4 25
1 6 43
0 1 64
1 5 27
0 1 52
0 5 99
0 4 9
0 7 81
1 0 71
0 8 78
0 2 22
1 1 10
0 4 106
0 8 60
0 1 21
1 5 107
1 8 86
0 0 6
1 3 82
0 8 23
0 2 100
0 4 68
0 8 47
1 2 14
0 7 91
0 2 80
1 1 43
1 5 48
1 0 48
1 4 65
1 6 33
0 3 33
0 2 31
1 8 41
1 3 4
1 2 18
1 6 59
0 0 38
1 6 8
1 1 63
0 7 85
1 8 21
1 5 55
0 0 78
0 0 97
1 5 71
1 2 67
0 4 22
1 0 89
0 4 107
1 6 80
1 3 14
1 7 107
1 6 36
1 6 62
1 7 28
0 5 102
0 5 32
1 4 15
0 2 103
1 8 77
1 6 90
1 1 77
1 4 1
1 8 37
0 4 70
1 6 66
0 5 40
1 8 1
1 4 8
1 0 51
0 3 88
1 2 10
1 4 81
0 5 87
0 1 74
1 8 26
1 5 106
0 5 12
0 6 110
0 7 28
0 0 56
1 4 92
0 1 69
1 6 16
1 1 32
0 4 62
0 6 102
1 7 81
1 0 57
0 3 107
0 4 86
1 8 58
0 6 84
0 2 108
0 5 14
1 2 46
0 6 78
1 6 84
1 5 18
0 0 28
1 3 61
0 8 9
0 5 28
1 6 109
1 8 79
1 6 49
1 5 108
0 8 27
1 4 62
0 6 3
0 7 9
1 2 88
1 7 89
0 7 48
0 3 24
1 1 88
1 7 78
1 4 110
1 8 46
0 2 54
0 6 1
1 1 71
0 2 87
0 0 8
1 5 13
1 1 13
0 4 103
0 7 19
1 4 53
1 5 61
0 4 13
0 8 111
1 6 112
0 0 82
1 5 98
1 4 4
0 5 21
0 0 98
1 5 20
0 3 109
0 4 51
1 7 106
1 6 69
0 5 19
1 5 97
0 1 85
0 4 24
1 0 96
0 2 78
1 2 103
0 8 19
1 1 112
0 1 72
1 6 22
1 8 34
1 2 9
0 5 84
0 3 60
1 4 42
0 7 86
0 2 66
1 5 40
0 1 106
1 8 80
0 7 56
1 5 90
0 8 73
0 4 64
0 4 10
1 6 18
0 1 40
0 5 2
0 5 15
0 0 67
1 1 39
1 5 78
1 7 110
1 0 49
1 7 86
1 3 54
1 1 67
0 8 110
0 1 59
0 4 65
0 5 25
0 4 1
0 2 12
0 6 67
0 3 73
0 5 52
1 5 93
1 6 63
1 5 110
0 5 103
0 3 59
0 2 23
1 2 25
1 1 28
0 3 110
1 5 19
1 3 7
0 3 100
0 0 5
1 2 84
1 4 58
0 6 59
0 7 87
1 7 39
1 6 53
1 8 105
1 8 95
0 1 34
0 7 55
0 8 29
1 0 15
0 7 36
0 5 7
1 2 52
0 1 110
1 6 10
1 7 95
1 7 70
1 0 34
1 2 48
1 7 53
1 8 7
1 1 58
0 4 104
1 3 42
1 5 37
0 6 20
1 6 51
0 0 7
0 8 56
1 3 29
1 2 83
1 5 72
0 7 12
0 0 74
0 8 88
0 4 17
0 6 103
0 3 57
0 7 4
0 7 26
0 7 90
0 2 14
1 5 2
0 6 81
0 4 99
1 2 63
1 1 76
0 6 45
0 4 60
0 6 80
0 1 29
0 3 45
1 3 23
0 2 99
1 6 99
1 8 84
0 1 42
0 1 4
1 6 85
1 1 24
1 1 61
0 1 104
1 8 10
0 8 62
0 8 69
0 3 3
0 4 85
0 6 53
1 3 9
0 7 108
0 5 89
0 8 24
1 8 13
1 8 100
1 4 79
0 3 36
1 6 50
0 5 77
0 4 11
1 2 95
1 8 27
0 6 51
0 0 10
1 2 31
0 8 112
0 6 112
1 2 90
0 6 93
0 7 20
1 8 53
0 1 61
1 5 85
0 7 70
1 6 38
0 4 33
1 5 57
1 4 12
1 8 98
0 8 25
0 5 16
1 5 81
1 6 70
1 6 56
0 0 88
0 0 83
1 8 36
1 4 77
0 4 59
1 6 57
0 3 35
0 2 44
1 7 24
0 7 100
1 5 95
1 7 44
1 8 107
1 5 63
1 4 26
1 8 45
1 6 97
0 2 112
0 1 101
1 0 103
1 6 68
0 6 58
1 8 9
1 5 64
1 1 69
1 5 8
0 6 22
0 8 32
1 8 102
0 7 30
0 0 17
0 4 53
1 6 107
0 7 62
1 6 92
0 6 111
0 6 11
1 7 85
0 5 67
0 6 15
0 6 86
1 3 63
0 2 19
0 2 42
0 6 56
1 6 26
1 1 45
1 8 17
0 1 32
1 2 93
0 1 66
1 2 35
1 0 16
0 3 70
1 2 97
1 8 66
0 2 84
1 6 12
1 6 41
0 6 104
1 0 84
1 0 25
1 5 58
0 5 86
1 3 106
0 0 106
0 0 2
1 5 56
1 3 92
0 0 77
0 6 23
1 2 47
0 1 96
1 8 31
0 7 42
0 4 112
1 2 23
0 3 19
1 1 64
0 3 58
0 8 91
0 8 76
0 2 13
1 5 51
1 2 20
1 2 13
0 8 54
1 5 9
1 1 31
0 6 65
1 5 4
1 1 100
1 1 55
0 3 0
0 1 0
0 8 35
0 2 107
1 7 6
0 6 49
1 7 97
0 4 27
1 1 53
0 6 105
0 3 18
1 2 69
1 8 104
1 6 2
0 4 52
1 4 50
1 1 83
0 6 27
1 8 112
1 3 90
0 8 106
1 7 74
0 3 80
0 8 31
0 1 46
1 8 38
0 2 109
0 7 109
0 2 86
0 4 96
1 4 104
0 7 95
0 6 19
0 5 30
0 0 51
1 0 87
1 2 33
0 6 68
0 0 105
1 0 70
0 0 59
0 5 96
1 5 53
1 6 86
0 7 84
0 5 18
1 3 111
1 6 25
0 8 103
0 3 13
1 7 111
1 5 99
0 1 105
1 8 56
1 1 25
0 4 45
0 2 41
0 2 20
1 6 3
1 2 37
0 1 30
1 8 110
1 2 92
1 0 81
0 5 9
1 1 50
1 5 59
0 6 25
1 1 49
0 1 5
1 5 112
0 8 10
1 3 8
0 0 86
0 6 18
1 7 42
1 0 107
1 5 101
1 7 26
1 8 69
1 4 20
1 0 97
1 1 46
1 5 104
1 6 61
1 8 103
0 5 63
0 5 59
1 7 38
0 0 100
0 5 31
1 0 41
0 3 99
0 8 38
1 0 38
1 0 101
1 7 92
1 6 75
0 4 16
1 8 97
1 0 30
0 2 77
1 0 55
0 4 78
1 7 14
1 5 10
1 5 102
0 2 6
0 3 42
1 3 0
0 0 79
1 1 111
1 4 59
0 1 86
0 2 73
1 6 34
1 4 30
0 4 73
1 2 39
1 4 43
0 3 97
0 5 20
0 6 66
1 6 89
1 1 80
0 0 94
1 0 40
1 1 1
1 0 37
0 0 12
0 4 93
