0 0 2
0 2 33
0 0 38
1 8 95
1 4 0
1 5 52
1 5 84
0 3 15
1 3 109
0 0 47
0 8 4
1 6 7
1 1 72
1 2 106
0 4 36
1 2 52
0 7 105
0 6 10
1 0 60
0 4 108
1 2 18
0 6 107
0 3 27
0 8 44
1 5 17
1 5 100
0 5 91
0 8 75
1 1 5
1 1 9
1 6 87
0 2 31
0 1 92
0 8 82
1 8 80
0 6 94
1 3 55
1 2 39
1 6 61
0 5 102
1 2 111
1 4 69
1 6 104
0 0 62
1 5 41
0 7 77
0 6 103
1 5 101
1 3 75
1 4 83
1 0 1
0 2 65
0 8 50
1 3 90
1 1 108
1 7 7
1 7 2
0 6 62
0 2 28
1 1 27
0 1 44
1 0 70
0 6 14
1 1 92
1 7 104
1 3 108
0 5 70
0 0 83
0 8 32
1 7 92
0 1 36
0 8 22
0 5 99
1 3 73
1 4 45
0 2 6
1 4 30
1 4 7
1 6 2
0 1 48
1 6 11
1 3 112
0 3 18
0 1 64
1 4 84
0 6 42
0 7 44
0 4 70
1 1 6
0 2 40
0 8 57
1 1 26
0 3 58
1 1 31
1 6 54
1 5 67
1 4 48
0 3 31
0 1 83
1 2 30
1 8 97
1 2 60
0 0 23
0 4 68
0 7 110
1 2 36
1 8 109
1 3 103
1 0 12
1 0 102
1 7 62
1 7 79
0 1 99
1 1 95
1 0 4
1 8 88
1 6 70
0 4 61
0 3 102
0 4 7
1 3 37
0 7 8
0 3 66
0 1 45
0 2 103
1 1 85
1 3 111
0 7 39
1 3 12
1 7 83
1 6 39
0 2 48
1 0 98
1 0 9
0 2 98
1 5 10
1 7 26
1 6 47
1 1 86
1 2 13
1 2 0
0 1 31
0 7 94
0 1 52
0 4 71
0 4 109
0 8 26
0 0 109
1 3 80
0 6 106
0 7 85
0 8 28
1 0 55
1 8 84
0 0 16
1 8 82
1 2 20
0 7 95
1 6 16
1 6 100
0 6 81
0 1 63
1 0 80
0 6 31
1 6 74
0 0 106
1 4 92
1 5 45
1 3 71
1 7 87
1 8 68
1 5 66
1 0 38
0 0 79
1 8 5
