0 8 46
0 6 72
0 1 25
1 5 57
0 4 63
1 5 14
0 4 84
1 2 86
1 2 74
1 2 41
0 2 36
0 0 71
0 7 79
0 2 65
0 1 19
1 8 49
0 3 74
1 4 4
1 8 110
0 4 92
0 3 28
1 4 88
1 1 50
1 1 83
0 0 8
0 7 90
1 8 62
0 3 76
1 3 7
1 7 86
0 7 39
0 2 41
1 4 28
1 5 33
0 3 104
1 6 70
1 4 52
1 8 20
0 1 53
0 3 112
0 0 6
0 8 101
1 1 24
0 8 58
1 0 57
0 1 17
1 1 3
1 1 73
0 8 7
1 4 26
0 8 95
0 1 22
0 7 107
0 5 61
1 3 43
1 0 49
1 8 46
1 6 103
1 1 1
0 5 45
1 2 48
0 6 42
0 7 65
0 8 21
0 1 29
1 8 31
0 1 79
0 8 80
1 6 79
0 5 75
1 4 67
0 0 66
0 1 11
0 8 70
0 4 36
1 3 15
0 1 82
1 0 18
1 8 58
1 4 89
0 8 108
0 0 5
1 8 51
0 5 94
0 1 55
1 3 96
0 3 46
1 1 97
1 2 31
0 8 8
0 8 68
0 3 18
0 6 38
0 8 28
1 8 24
0 5 41
0 3 95
1 7 94
1 4 82
0 4 72
0 0 9
0 5 46
0 6 18
0 8 62
1 1 26
0 2 26
0 8 15
0 7 74
1 4 85
0 1 45
0 2 103
1 6 13
1 1 56
1 2 88
1 4 20
1 8 42
1 8 1
1 4 62
1 6 27
1 1 38
1 1 2
0 2 57
1 7 2
1 2 110
0 1 72
0 7 61
0 0 64
1 8 17
0 4 41
0 5 26
1 5 26
1 2 58
0 1 47
1 5 37
0 5 37
0 7 71
0 2 92
1 3 74
0 0 61
1 2 27
1 7 107
0 4 10
0 4 34
0 5 80
1 7 35
0 0 102
1 7 6
0 4 103
1 1 94
1 0 93
1 0 111
1 1 109
1 2 76
0 7 51
0 7 40
1 8 93
0 3 1
0 7 10
0 2 71
1 8 112
1 3 49
0 3 31
0 5 8
0 6 90
1 1 107
1 6 1
1 7 32
1 3 16
0 1 7
1 2 56
1 2 17
0 0 87
1 4 70
1 5 84
0 1 101
1 4 9
0 4 100
1 0 26
1 8 0
0 2 32
0 7 77
1 7 75
1 6 65
1 4 19
1 0 53
0 7 62
1 3 103
1 2 78
0 1 4
1 5 41
0 8 61
1 8 56
0 3 14
1 4 2
0 8 35
0 4 16
1 6 50
0 1 80
0 5 1
1 5 72
1 8 41
0 6 50
0 7 48
1 0 60
0 8 86
0 7 9
1 4 65
1 1 51
1 5 82
1 6 92
1 4 33
1 5 28
0 5 19
1 2 59
1 8 111
1 0 78
0 3 80
0 0 65
1 0 82
0 8 31
1 0 22
1 6 57
1 8 59
0 8 36
1 1 31
0 1 112
0 5 38
0 0 57
0 2 17
0 3 83
0 7 52
0 2 105
1 5 95
1 3 31
1 2 52
1 8 105
0 8 54
0 5 108
0 7 23
1 7 76
0 6 59
1 5 91
1 8 6
0 0 25
1 4 73
0 8 33
0 3 88
0 3 71
0 8 4
1 5 29
0 4 61
0 4 89
1 0 32
1 8 60
1 7 36
1 7 69
1 7 110
1 6 39
1 4 35
1 5 4
0 7 110
0 1 0
0 1 73
0 1 27
1 2 91
1 0 63
1 3 108
0 4 53
0 0 30
0 5 20
0 1 32
1 4 112
0 6 98
1 5 23
1 6 81
1 2 109
0 1 34
0 3 105
0 8 104
1 2 84
0 2 33
1 3 29
1 6 64
1 4 40
0 7 93
0 4 33
1 3 33
0 8 83
0 5 87
1 4 64
1 7 62
1 6 6
1 6 33
1 8 75
1 3 53
1 2 33
1 3 87
1 7 13
0 6 25
1 4 51
0 0 17
1 4 7
0 1 86
0 8 51
1 1 25
0 1 37
1 7 38
1 2 70
0 0 96
0 6 36
0 5 85
1 7 58
0 4 21
0 8 63
1 3 6
1 1 82
1 2 8
0 1 8
0 4 1
0 6 63
0 3 11
0 3 100
1 1 40
0 0 7
1 2 73
0 7 32
0 5 89
1 7 0
1 6 14
0 2 35
1 1 69
0 8 75
1 6 5
1 3 88
1 3 28
1 7 83
0 3 60
0 8 82
1 6 46
1 5 63
1 7 96
1 2 83
1 4 107
0 2 55
0 1 98
1 4 14
0 6 34
0 8 41
1 5 97
0 8 30
1 5 70
0 8 23
1 6 84
0 6 27
1 3 85
0 7 66
0 8 32
1 1 15
1 0 55
1 5 111
1 2 62
0 6 84
1 3 52
1 0 86
0 5 78
1 5 11
1 3 83
0 1 33
1 1 8
0 6 106
1 8 37
0 6 44
0 1 104
0 6 99
0 7 103
0 5 58
1 1 108
1 3 56
1 7 51
0 6 40
1 7 41
0 7 94
0 4 11
1 5 25
0 2 63
0 7 25
1 7 8
0 7 31
0 7 64
1 6 88
1 1 53
0 4 91
1 5 43
1 8 63
0 5 30
0 6 58
1 0 12
0 7 35
0 6 46
0 8 98
0 7 78
0 6 62
1 1 111
0 1 38
1 6 8
0 5 111
0 7 86
1 1 96
0 8 66
0 5 88
1 8 57
0 6 12
0 2 4
1 5 34
1 7 29
1 2 23
1 2 37
1 6 89
0 5 18
1 3 89
0 7 69
1 4 11
0 2 21
1 3 32
0 0 74
1 1 100
1 3 38
1 1 79
1 0 73
0 6 100
0 2 34
1 0 98
1 1 57
0 0 27
0 5 16
1 8 68
1 0 43
1 0 16
0 3 23
0 8 6
0 2 38
1 1 64
0 7 22
0 6 23
1 0 30
0 8 38
0 1 76
1 2 47
0 6 2
1 6 7
0 1 59
0 0 58
1 7 99
1 3 13
1 0 61
1 3 104
0 6 65
1 3 4
0 7 34
0 1 107
0 8 12
1 6 12
1 8 52
0 0 90
0 7 41
0 1 56
0 0 81
1 4 74
1 1 17
0 4 79
0 2 101
0 1 13
0 0 94
0 1 12
0 4 39
0 3 22
0 7 60
1 0 105
0 5 105
1 7 9
1 7 23
1 2 57
1 6 72
0 4 55
1 6 0
1 8 89
1 8 67
0 2 66
1 8 71
1 0 99
1 5 99
1 2 81
0 8 2
0 5 60
0 6 66
0 2 99
0 6 20
1 2 25
0 7 15
0 0 20
1 1 54
0 5 110
0 6 30
1 7 50
0 4 23
0 7 4
1 8 104
0 0 42
1 8 79
0 2 42
0 6 56
1 6 66
1 8 47
0 6 37
1 1 14
1 2 63
0 3 40
0 4 97
1 5 64
1 0 0
1 8 98
1 3 39
0 4 108
0 8 56
0 2 109
0 6 110
1 4 61
1 1 70
1 3 69
0 1 69
0 2 82
0 4 60
1 0 51
1 6 45
0 5 40
0 8 111
1 7 61
0 0 47
1 5 56
1 2 89
0 8 102
1 6 95
1 1 10
1 5 106
1 3 58
1 5 40
1 2 66
1 2 111
1 0 90
0 1 63
1 3 102
1 0 24
1 2 29
1 4 99
1 6 43
1 4 12
0 4 29
0 5 103
1 2 95
1 8 34
0 0 53
0 8 57
0 1 44
0 6 91
1 5 62
0 5 42
0 3 7
0 8 3
0 7 28
1 7 19
0 7 82
1 7 72
0 8 91
1 3 110
1 2 103
1 1 93
1 3 79
0 3 9
1 4 57
1 8 97
0 7 47
1 6 38
0 4 69
1 6 106
0 6 31
1 4 66
1 6 3
1 6 9
0 1 110
1 0 14
0 8 52
1 0 74
1 7 56
0 3 30
0 0 36
1 0 54
0 0 52
0 0 23
0 4 32
0 5 56
0 2 59
1 6 17
1 0 8
1 2 93
0 0 79
1 6 102
1 6 80
0 1 96
1 4 18
0 0 67
1 7 71
1 8 65
0 2 58
0 5 64
1 7 82
0 3 82
1 8 5
0 2 24
0 5 67
0 4 49
1 0 3
0 0 16
1 8 81
1 1 37
0 2 1
1 6 23
1 1 9
1 0 108
1 2 22
1 3 22
0 1 58
1 2 9
0 1 111
1 0 84
0 2 64
1 0 65
0 2 90
1 3 26
1 8 106
0 8 81
1 1 33
1 6 56
0 8 37
1 7 101
1 3 101
0 4 67
0 1 40
0 0 15
1 7 79
0 4 37
1 2 97
1 7 17
0 4 104
0 0 70
1 0 92
0 0 68
1 3 91
1 7 21
0 0 72
1 6 52
1 1 23
1 4 106
0 5 91
0 8 53
1 3 86
1 2 21
1 4 21
1 7 1
0 4 70
1 8 85
0 5 76
1 6 19
0 6 55
0 5 72
1 6 94
1 0 9
1 5 69
1 1 6
1 0 1
1 7 27
1 2 28
0 6 3
0 1 36
0 2 13
1 2 32
0 6 70
0 7 5
0 8 105
0 4 43
0 4 87
1 8 84
0 4 111
1 1 85
0 1 14
0 8 72
1 7 98
1 7 77
0 6 83
1 4 50
0 7 13
1 2 94
0 5 32
0 5 97
1 2 14
0 7 57
0 4 58
0 6 105
0 5 98
0 6 28
1 8 45
0 1 26
0 5 66
0 3 63
1 8 7
1 8 12
1 2 72
0 2 102
0 5 49
0 7 68
1 4 42
1 1 90
1 7 26
1 5 7
0 6 33
0 6 76
0 5 17
1 4 5
0 4 50
1 1 4
0 4 18
1 6 47
1 0 5
0 5 68
1 8 74
1 5 93
0 0 43
1 3 81
1 7 20
0 4 13
1 1 48
1 8 92
0 4 0
0 4 51
0 6 26
0 6 103
1 8 30
1 1 68
1 2 18
0 6 68
1 3 36
1 6 15
1 6 4
1 8 64
1 6 90
0 5 6
1 1 16
1 1 87
1 7 66
1 5 27
0 7 76
1 5 85
1 1 92
0 1 24
0 8 109
1 5 53
0 0 29
1 8 107
1 2 90
1 2 45
1 0 71
0 0 54
0 4 25
1 1 103
1 1 91
0 6 48
0 0 83
1 2 24
0 1 6
1 4 101
0 0 73
0 2 23
0 4 85
1 5 71
0 6 29
0 8 40
0 6 89
1 3 54
0 5 90
1 5 32
0 3 41
0 3 12
0 8 25
0 5 55
0 3 72
0 2 56
1 7 112
0 5 4
0 3 67
0 6 88
1 7 46
0 2 8
0 0 103
0 2 44
1 5 89
1 5 66
1 7 100
1 5 103
0 4 74
1 0 103
1 4 47
1 5 96
0 7 42
0 0 112
1 7 60
1 4 36
1 7 15
1 8 27
0 8 55
1 3 44
0 8 5
1 7 18
0 4 96
1 2 65
1 6 18
0 8 19
1 1 32
1 5 94
0 2 107
1 7 5
0 5 102
0 0 32
0 2 11
0 0 40
1 2 38
0 4 2
0 2 16
1 8 90
1 7 109
1 1 101
0 0 33
1 3 107
1 4 16
0 2 53
1 2 99
1 1 20
0 3 38
0 5 112
1 3 99
1 4 90
1 3 97
0 5 95
0 3 17
0 4 99
0 2 104
0 5 44
0 2 108
1 5 18
1 0 62
1 3 1
1 8 8
0 1 94
1 6 20
1 6 40
0 6 64
1 3 48
0 2 96
0 7 91
0 5 21
1 0 95
0 1 42
0 0 82
0 3 13
1 2 34
0 8 18
0 2 10
1 6 97
0 3 107
1 5 39
1 4 46
1 1 12
0 3 69
1 0 52
0 6 51
1 2 3
0 2 67
1 0 42
0 1 21
1 1 88
1 0 58
1 0 104
1 8 14
0 4 28
0 5 35
0 5 39
0 1 78
1 8 76
1 2 4
1 1 44
0 3 106
1 0 41
