0 5 90
1 0 87
1 0 35
1 5 54
1 6 97
1 4 93
0 3 88
0 6 90
1 7 93
1 6 98
1 6 6
1 1 45
0 1 107
0 8 68
0 7 34
0 7 3
0 4 106
1 1 5
0 1 86
0 3 30
1 0 34
0 6 41
1 1 33
0 4 111
1 0 91
1 3 72
1 1 88
0 6 54
0 2 3
1 4 91
0 1 26
1 6 19
1 0 28
0 1 97
0 5 37
0 7 68
1 8 48
1 5 74
0 2 107
1 5 24
1 0 26
0 6 0
1 2 96
0 5 89
1 0 41
0 7 12
0 4 13
1 4 104
1 7 17
1 0 16
0 6 7
1 3 39
1 3 23
0 6 72
0 4 35
0 6 98
1 8 17
0 5 58
0 2 32
0 1 75
1 5 33
1 0 40
0 0 71
0 2 51
1 4 40
0 6 86
0 2 29
0 8 89
1 6 65
0 0 88
0 6 38
0 7 10
1 8 94
1 8 105
0 3 11
0 4 52
1 8 5
0 3 89
0 2 85
0 5 3
0 7 84
1 3 12
0 4 53
1 3 36
0 4 103
1 0 8
1 6 27
1 6 52
1 1 1
0 5 64
1 6 74
0 1 19
0 5 23
1 5 21
1 6 91
0 8 44
1 5 67
1 5 111
0 3 56
1 0 29
0 5 47
0 7 91
0 5 41
0 0 5
0 4 43
1 7 32
1 5 52
1 2 76
1 0 99
1 2 94
1 3 56
0 3 54
1 8 102
0 2 76
1 2 102
1 8 77
0 7 11
0 5 69
0 0 20
0 7 48
0 5 65
0 0 99
0 0 30
1 7 89
0 2 12
0 7 79
0 5 0
0 1 9
1 7 41
1 5 109
0 5 50
0 0 53
0 5 57
0 0 84
0 2 40
1 8 81
0 6 50
0 5 40
0 8 107
0 7 65
1 5 22
1 7 40
0 1 10
1 1 90
0 4 82
1 6 31
0 8 86
1 6 53
0 4 102
1 2 56
1 7 110
0 1 36
1 7 107
0 0 37
0 7 37
1 2 18
0 3 7
0 2 0
1 0 74
0 0 27
1 4 77
1 7 76
0 3 29
0 0 105
0 2 16
1 4 20
1 3 5
1 1 30
1 8 3
0 4 61
0 8 5
1 2 14
1 6 66
1 8 70
0 1 1
0 5 17
1 0 108
0 4 95
1 4 80
1 0 36
0 7 87
1 7 18
0 6 68
1 3 57
1 2 108
1 6 3
1 0 88
1 4 50
1 2 74
1 1 76
1 6 11
0 3 68
0 1 98
0 3 17
1 6 34
1 3 54
0 6 97
1 7 38
0 8 74
0 0 104
1 2 20
0 1 55
0 7 40
1 8 30
1 4 42
0 6 79
0 5 29
1 7 86
1 4 111
1 4 19
1 3 81
1 3 86
0 8 61
1 1 9
1 5 46
0 8 11
1 0 82
0 4 100
1 8 20
1 3 71
1 1 71
0 8 22
0 0 81
0 1 84
0 5 7
0 5 27
0 2 25
0 3 58
0 8 96
0 1 6
0 3 105
1 1 37
0 1 16
0 5 55
0 7 44
0 8 56
1 4 57
0 0 107
0 4 104
1 4 86
1 6 56
1 0 104
0 6 88
1 7 28
0 2 61
1 4 78
1 2 69
0 7 99
0 4 20
1 0 72
1 7 7
1 5 13
0 2 57
0 2 52
0 7 26
1 4 108
0 3 25
1 3 21
0 4 78
0 7 81
1 6 47
1 1 47
1 0 71
1 4 43
0 8 26
0 7 63
1 8 34
0 0 52
0 0 82
1 7 69
1 0 100
0 5 54
1 0 48
1 2 95
0 3 72
1 1 59
0 6 5
1 5 31
1 6 21
0 1 41
1 4 14
1 8 71
1 7 94
0 8 101
1 0 112
1 1 92
0 0 108
1 6 77
1 1 40
0 6 36
0 2 24
0 3 38
0 2 30
0 7 105
1 1 27
1 2 104
0 6 51
1 2 81
1 6 25
1 6 67
0 8 54
0 3 106
1 6 96
0 2 95
1 5 28
0 1 13
0 6 84
0 4 28
0 8 42
1 0 65
1 4 107
1 1 11
1 4 85
1 6 15
0 2 92
0 6 9
1 2 79
1 4 3
0 8 102
1 5 58
1 6 95
0 0 31
1 3 52
0 5 66
1 8 98
1 1 102
1 0 3
0 4 0
1 7 96
0 7 33
0 3 96
0 5 80
0 0 102
0 6 22
0 3 101
1 5 64
0 0 39
0 4 60
0 2 4
1 2 46
0 1 28
0 8 80
0 2 59
1 3 79
0 6 3
0 2 50
0 8 82
1 8 52
1 0 46
1 2 87
0 6 107
0 0 59
1 7 48
1 2 45
0 6 64
1 7 46
1 3 0
0 1 94
0 4 110
0 1 21
0 2 83
0 4 50
0 3 27
0 2 13
0 2 100
1 3 26
1 6 12
0 8 104
0 5 72
1 1 87
1 6 100
0 8 1
1 4 35
1 4 67
0 4 90
0 6 78
1 0 18
0 1 81
0 5 73
1 7 35
0 7 72
0 8 17
1 8 43
1 0 37
1 7 95
1 2 92
0 6 42
1 2 36
0 2 102
1 2 61
1 6 20
1 3 29
0 2 80
0 6 44
1 4 99
0 2 90
1 8 12
0 8 12
1 5 81
0 4 107
1 0 77
0 6 61
1 6 101
0 3 70
1 3 34
1 6 109
0 7 36
0 3 43
1 1 52
0 0 79
0 2 99
0 3 100
1 1 16
1 3 28
0 1 40
1 8 36
1 3 77
0 3 69
1 8 62
0 6 4
1 2 106
1 2 37
1 8 6
1 1 50
1 6 29
0 5 83
1 7 68
0 1 79
1 5 82
1 8 27
1 7 24
0 6 8
0 7 112
1 8 11
0 0 22
1 6 49
0 2 84
0 8 69
0 3 6
0 2 54
1 3 111
1 5 96
1 1 13
0 2 98
1 0 17
1 2 59
0 4 42
1 3 107
0 3 104
1 8 112
1 6 94
1 0 10
1 7 14
0 3 85
0 1 8
1 3 32
1 4 53
1 6 30
1 1 57
0 5 88
1 5 36
1 0 27
1 7 102
0 8 8
1 8 90
1 3 16
1 6 41
0 5 9
1 6 14
0 7 49
0 0 103
1 5 29
0 7 23
1 5 107
0 7 67
1 4 83
1 6 55
1 0 43
0 5 63
1 5 91
1 1 42
0 8 34
0 1 15
1 1 83
0 1 101
0 8 39
0 8 46
1 2 2
0 4 14
1 4 25
1 0 47
1 0 9
1 3 2
0 5 52
0 0 3
0 3 24
1 3 13
1 6 112
1 7 0
1 6 76
1 8 97
1 3 42
1 4 82
1 3 92
0 2 60
1 2 71
1 3 64
0 0 44
1 1 48
1 6 71
0 3 22
1 1 23
1 4 102
1 7 81
1 8 73
0 1 44
1 3 102
0 0 2
0 4 22
1 4 46
1 3 89
1 3 100
0 4 64
0 4 73
0 1 5
1 0 92
0 2 53
1 4 68
1 6 72
0 8 43
1 4 26
1 8 80
1 2 38
0 7 18
1 1 38
0 5 74
1 1 94
1 2 75
1 3 83
0 3 71
0 8 83
1 7 90
1 6 103
1 4 63
1 2 34
1 0 63
0 3 34
1 3 47
1 4 2
0 1 66
0 8 7
1 3 75
1 2 21
1 8 82
1 1 111
1 1 68
0 6 53
0 7 55
1 3 19
1 5 8
0 2 89
0 2 21
1 8 19
1 8 32
0 7 21
0 5 77
0 5 61
0 2 87
0 3 90
1 5 102
0 0 65
1 5 39
0 8 99
1 6 102
1 8 79
0 4 112
0 1 69
1 7 88
0 4 74
0 3 93
1 8 33
0 5 70
1 8 50
1 5 84
0 4 21
1 1 10
0 2 14
1 6 18
1 5 3
0 7 41
0 1 111
0 5 103
0 6 12
1 3 76
1 6 92
1 0 55
1 5 16
0 7 30
0 1 67
0 6 109
