1 5 58
1 6 67
1 5 107
0 4 70
0 8 12
1 8 78
0 4 16
0 0 41
1 6 82
1 7 55
0 4 91
1 4 70
0 2 72
0 5 106
1 1 28
0 5 35
0 0 35
0 4 75
0 8 69
1 1 64
0 0 47
0 3 104
0 1 81
1 2 9
1 1 92
0 0 24
1 8 13
0 1 98
0 5 86
0 7 42
1 4 17
0 4 62
0 7 17
0 4 95
0 5 27
0 8 52
1 1 22
1 8 43
1 2 58
0 2 20
1 4 106
0 4 60
0 4 66
1 5 66
1 3 62
0 7 74
1 2 24
0 3 52
0 6 0
0 3 50
1 1 41
1 0 3
0 2 42
0 8 5
0 7 23
1 4 50
1 2 112
1 8 101
0 6 2
1 8 7
0 3 44
1 3 19
0 1 91
0 8 112
1 4 56
0 8 62
1 5 24
1 1 90
1 7 100
0 2 80
1 0 96
0 4 51
0 3 20
1 8 49
0 4 106
1 4 94
0 6 67
1 7 24
0 3 16
0 1 76
1 6 86
1 8 90
1 2 84
0 2 83
1 5 18
1 4 0
0 5 18
1 5 50
0 1 7
1 8 30
1 4 26
0 5 85
0 4 31
1 5 83
1 7 77
1 7 69
1 8 65
0 4 52
1 5 15
1 6 6
0 7 105
1 2 52
0 8 20
0 3 21
1 1 97
1 7 15
0 5 78
0 1 32
1 7 4
1 0 20
0 8 17
0 0 107
1 0 17
0 2 56
1 5 82
1 7 105
0 5 4
0 6 31
1 2 10
1 8 39
0 6 50
1 5 53
0 2 82
1 6 93
0 3 49
0 3 112
0 5 42
1 6 64
1 7 81
0 1 75
0 3 84
0 5 29
0 6 22
1 7 63
0 8 30
1 1 2
1 2 80
1 7 70
1 0 40
0 5 7
0 3 42
1 5 34
1 7 5
0 7 24
0 2 3
1 2 11
0 3 46
1 6 84
0 4 99
1 5 5
1 8 68
0 1 69
1 5 27
0 4 103
1 6 39
0 5 10
0 6 38
1 4 32
0 7 65
0 2 29
1 1 9
0 0 111
1 7 101
0 6 6
1 3 17
1 1 55
1 2 56
1 1 11
1 3 49
0 3 69
1 3 27
0 8 38
1 5 7
1 5 51
0 7 95
0 1 110
0 8 76
1 5 12
0 7 85
1 7 16
1 6 59
0 7 107
1 8 23
0 6 86
0 1 80
0 6 89
0 2 21
0 1 17
0 6 101
0 1 56
0 6 99
1 3 105
0 3 71
0 2 6
1 6 88
0 4 9
0 3 7
0 4 36
0 3 41
0 8 91
1 2 83
1 5 57
0 8 18
0 2 27
1 1 40
0 5 48
1 5 30
1 3 94
1 8 93
1 5 49
0 0 112
0 8 65
1 8 81
0 0 54
0 7 21
0 5 79
0 6 7
0 8 40
1 2 61
1 8 103
1 5 46
0 3 94
1 6 98
1 4 66
1 5 62
1 4 110
1 3 72
1 8 10
1 0 53
1 0 45
0 5 110
1 1 79
0 0 68
1 8 11
0 4 63
0 2 28
1 2 104
1 1 47
0 7 10
0 0 0
0 5 59
1 6 102
1 0 97
0 5 99
0 0 7
0 8 7
0 8 90
0 0 27
1 5 72
1 5 93
1 2 85
0 4 89
0 6 62
0 1 107
1 5 70
0 1 58
0 1 19
0 0 28
0 5 8
1 4 62
0 3 35
0 3 4
0 0 77
0 7 84
0 6 55
1 6 24
0 3 109
0 3 11
0 1 46
0 8 87
0 6 28
0 5 80
0 2 17
0 0 84
0 7 97
0 5 63
0 2 74
0 4 94
0 1 92
0 4 82
0 6 9
0 2 92
1 8 108
0 7 93
0 8 16
1 6 36
1 3 102
1 6 75
0 7 47
0 6 8
1 2 66
0 3 19
1 8 24
1 5 67
1 8 59
1 5 85
1 8 70
0 7 78
1 0 12
1 5 39
1 1 87
0 5 23
0 7 76
0 5 33
1 2 35
1 2 59
0 2 53
1 6 38
0 5 83
1 4 76
1 8 53
1 3 58
0 5 46
0 2 64
0 8 92
0 6 20
1 7 110
0 1 90
0 4 81
0 3 36
0 0 16
1 7 108
1 3 77
1 7 80
1 6 62
1 0 39
1 5 75
0 7 62
1 6 41
0 2 32
0 8 93
0 6 27
0 7 15
1 1 88
1 8 95
0 7 55
0 4 44
0 2 107
0 7 68
0 2 78
1 7 88
0 8 55
0 3 33
0 0 25
1 0 105
1 1 109
0 2 85
1 4 25
1 7 21
1 5 6
