0 4 18
0 1 109
1 6 41
1 4 47
1 1 18
0 3 95
0 4 43
0 2 103
0 2 96
0 5 45
0 4 15
1 7 28
1 3 1
1 3 45
1 3 105
1 2 42
1 3 47
0 4 77
1 0 51
1 5 63
0 6 52
0 4 107
0 2 65
0 1 70
1 0 85
1 3 8
1 5 43
1 0 18
1 7 21
1 8 14
1 4 65
0 5 70
1 3 26
1 5 79
1 2 35
0 3 41
0 2 62
0 2 36
0 5 59
0 1 106
0 4 108
0 2 81
1 0 37
0 8 100
1 4 88
0 8 91
0 1 30
0 3 67
1 2 60
1 4 44
1 7 92
1 3 12
1 2 34
0 0 84
1 0 24
0 2 35
0 6 13
0 4 106
1 2 36
1 3 6
0 0 81
0 7 98
1 8 83
0 7 1
1 4 99
1 2 79
0 1 10
0 7 34
1 1 81
0 2 40
1 7 11
1 8 58
0 2 9
0 8 61
0 1 76
