0 1 83
0 2 104
0 3 12
0 0 53
0 1 90
0 3 38
1 6 40
1 4 22
1 2 112
0 8 63
0 4 97
0 0 2
1 7 60
1 2 83
0 8 30
0 5 51
1 6 28
0 3 79
1 6 8
0 5 40
0 8 74
0 6 110
1 6 56
1 6 12
0 8 62
0 3 9
1 5 7
1 6 30
1 5 71
1 5 31
0 7 82
1 3 103
0 7 106
0 5 32
1 6 67
1 6 41
0 8 91
0 5 4
0 8 6
1 5 55
0 2 6
1 2 97
0 4 104
0 8 81
0 0 111
0 2 102
1 5 90
0 2 111
1 6 3
1 4 0
0 8 20
1 6 18
1 3 6
1 7 16
0 1 61
1 4 82
1 1 87
1 1 85
0 7 90
1 7 68
0 1 50
1 0 95
0 1 87
1 7 13
1 6 26
0 4 63
1 5 62
0 1 106
0 1 77
1 7 102
0 5 108
1 6 109
0 1 73
1 1 105
0 7 67
0 6 56
0 7 71
0 7 65
1 0 45
0 8 3
1 4 64
1 6 21
1 4 106
1 2 92
1 7 42
1 0 38
0 4 45
0 2 45
0 3 104
1 2 81
1 8 17
1 1 106
1 8 87
1 2 95
0 2 35
0 4 75
1 4 53
1 5 73
0 2 101
0 2 109
0 6 81
0 5 92
0 3 19
0 3 36
0 3 86
1 7 9
0 7 96
0 8 86
0 3 13
0 5 47
1 7 72
1 0 89
1 4 78
1 8 64
0 1 95
0 3 94
0 8 2
0 2 20
0 1 4
1 6 84
1 7 19
1 5 106
0 8 4
0 7 79
1 8 60
