0 5 69
1 0 74
0 5 53
0 3 20
0 5 91
0 2 108
0 1 44
0 2 80
1 5 43
1 1 99
0 3 76
1 7 89
0 0 83
0 2 75
1 2 3
1 2 50
0 0 8
1 6 23
0 2 29
0 0 91
0 3 15
0 2 88
1 8 77
1 5 77
0 7 94
1 1 47
0 8 79
0 2 4
1 6 57
1 1 1
0 7 16
0 1 34
0 0 17
0 8 26
1 3 56
1 4 93
1 7 20
1 7 99
0 0 64
0 5 70
0 5 105
0 3 10
1 7 98
1 4 84
1 8 55
0 1 53
0 7 95
0 6 74
0 0 29
0 5 33
1 4 6
0 6 10
0 2 11
0 4 94
0 1 110
1 3 54
0 6 57
1 8 61
0 0 59
1 4 75
1 3 7
0 4 105
1 4 58
1 6 17
1 6 85
1 7 48
0 8 111
0 7 111
1 0 103
1 4 79
0 8 49
0 7 1
0 8 9
0 5 60
1 4 82
0 8 14
1 1 64
1 0 82
1 6 79
1 2 90
0 2 16
0 0 68
1 7 49
1 0 45
0 4 36
0 1 35
0 4 96
1 8 35
1 1 41
0 8 38
1 6 4
0 5 43
1 5 27
1 5 21
0 8 19
1 8 1
1 5 1
0 4 31
0 4 67
0 3 105
0 6 97
0 1 98
0 5 103
0 2 71
1 3 65
0 8 90
1 7 1
1 6 98
0 6 105
1 7 9
1 1 50
0 4 56
0 7 92
1 5 31
1 6 5
0 1 86
1 0 83
1 2 28
1 7 66
1 0 104
1 2 49
0 2 48
1 6 1
0 7 41
1 6 40
1 6 7
0 4 79
1 0 80
0 8 11
1 3 82
0 7 28
1 2 74
0 2 56
1 0 15
1 2 56
1 1 60
0 2 20
0 4 32
0 4 99
1 1 36
0 5 13
0 5 9
1 6 92
1 2 65
0 0 48
0 8 6
0 0 30
0 3 28
1 4 57
1 3 5
1 1 18
1 7 14
1 8 11
0 2 34
1 2 4
1 6 48
0 1 3
1 2 63
1 8 21
1 6 47
1 1 73
1 2 36
0 5 35
0 0 11
0 2 97
1 0 81
0 4 66
0 1 76
1 0 98
0 5 47
1 8 32
1 0 71
0 1 30
1 5 79
1 2 42
0 0 21
0 5 63
1 2 75
0 5 34
1 3 16
1 4 87
1 7 11
1 5 10
1 4 18
0 3 39
1 2 15
1 0 73
1 1 42
1 7 83
0 0 15
0 3 104
1 3 20
1 0 41
0 5 29
0 4 42
1 7 37
0 0 85
1 2 105
0 1 8
1 3 49
1 5 74
1 0 4
1 2 52
1 8 82
0 7 24
0 1 50
1 7 84
1 2 91
0 6 34
1 7 54
1 5 38
0 3 35
1 6 43
1 0 39
0 6 33
0 1 11
1 1 101
0 0 47
1 1 66
1 5 59
0 8 65
0 8 2
0 0 16
1 5 23
1 5 14
0 7 82
1 7 107
0 2 72
0 3 42
1 8 68
1 6 49
0 2 62
0 4 46
0 2 76
1 3 71
0 6 66
0 7 79
1 7 56
1 7 24
0 2 104
0 1 72
0 3 61
1 7 13
1 3 57
0 3 91
1 3 104
1 1 22
1 6 15
1 2 13
1 1 76
0 8 3
1 7 43
0 3 90
0 4 112
0 6 89
0 0 107
1 6 73
0 0 71
0 5 90
0 1 107
0 4 34
1 5 41
0 1 73
1 6 95
0 3 71
0 1 57
0 6 67
1 6 111
1 3 73
0 4 19
1 3 2
1 5 62
0 6 38
1 6 65
0 1 25
0 2 64
0 8 37
0 4 1
0 3 48
0 4 55
1 6 103
1 8 75
0 0 63
1 8 43
0 7 67
1 0 6
1 1 12
0 5 64
1 0 27
1 3 100
1 1 92
0 0 77
1 7 53
1 1 79
1 7 52
0 6 104
0 7 36
0 8 17
0 3 83
1 3 68
0 1 37
0 3 14
0 8 82
1 5 55
0 3 7
1 2 70
0 6 21
0 8 108
0 8 18
0 8 72
1 2 64
1 7 97
0 0 38
1 8 10
1 0 8
1 7 112
0 2 68
0 2 50
0 2 81
0 3 103
0 1 91
1 8 99
1 7 21
0 6 55
0 1 27
