0 31.55 7.66 34.99 25.8
100 29.5775 6.76056 27.6056 36.0563
200 28.9474 7.01754 27.193 36.8421
300 20 5 10 65
400 -nan -nan -nan -nan
500 20.6897 3.44828 10.3448 65.5172
600 25 4.16667 12.5 58.3333
700 33.3333 0 33.3333 33.3333
800 31.8182 13.6364 4.54545 50
900 11.1111 22.2222 11.1111 55.5556
1000 0 0 0 100
1100 25 33.3333 0 41.6667
1200 0 0 0 100
1300 100 0 0 0
1400 0 100 0 0
1500 -nan -nan -nan -nan
1600 -nan -nan -nan -nan
1700 -nan -nan -nan -nan
1800 -nan -nan -nan -nan
1900 66.6667 33.3333 0 0
2000 -nan -nan -nan -nan
